96508
96507
96503
96502
96501
96587
96583
96582
96581
96580
96573
96572
96571
96570
96578
96321
96320
96328
96327
96325
96310
96318
96317
96315
96312
96308
96307
96305
96302
96301
96387
96385
96382
96381
96380
96375
96372
96371
96370
96378
96352
96351
96350
96358
96357
96210
96218
96217
96215
96213
96208
96207
96205
96203
96201
96287
96285
96283
96281
96280
96275
96273
96271
96270
96278
96253
96251
96250
96258
96257
96231
96230
96238
96237
96235
96108
96107
96105
96103
96102
96187
96185
96183
96182
96180
96175
96173
96172
96170
96178
96153
96152
96150
96158
96157
96132
96130
96138
96137
96135
96120
96128
96127
96125
96123
96087
96085
96083
96082
96081
96075
96073
96072
96071
96078
96053
96052
96051
96058
96057
96032
96031
96038
96037
96035
96021
96028
96027
96025
96023
96018
96017
96015
96013
96012
96875
96873
96872
96871
96870
96853
96852
96851
96850
96857
96832
96831
96830
96837
96835
96821
96820
96827
96825
96823
96810
96817
96815
96813
96812
96807
96805
96803
96802
96801
96753
96752
96751
96750
96758
96732
96731
96730
96738
96735
96721
96720
96728
96725
96723
96710
96718
96715
96713
96712
96708
96705
96703
96702
96701
96785
96783
96782
96781
96780
95321
95320
95328
95327
95326
95310
95318
95317
95316
95312
95308
95307
95306
95302
95301
95387
95386
95382
95381
95380
95376
95372
95371
95370
95378
95362
95361
95360
95368
95367
95210
95218
95217
95216
95213
95208
95207
95206
95203
95201
95287
95286
95283
95281
95280
95276
95273
95271
95270
95278
95263
95261
95260
95268
95267
95231
95230
95238
95237
95236
95108
95107
95106
95103
95102
95187
95186
95183
95182
95180
95176
95173
95172
95170
95178
95163
95162
95160
95168
95167
95132
95130
95138
95137
95136
95120
95128
95127
95126
95123
95087
95086
95083
95082
95081
95076
95073
95072
95071
95078
95063
95062
95061
95068
95067
95032
95031
95038
95037
95036
95021
95028
95027
95026
95023
95018
95017
95016
95013
95012
95876
95873
95872
95871
95870
95863
95862
95861
95860
95867
95832
95831
95830
95837
95836
95821
95820
95827
95826
95823
95810
95817
95816
95813
95812
95807
95806
95803
95802
95801
95763
95762
95761
95760
95768
95732
95731
95730
95738
95736
95721
95720
95728
95726
95723
95710
95718
95716
95713
95712
95708
95706
95703
95702
95701
95786
95783
95782
95781
95780
95632
95631
95630
95638
95637
95621
95620
95628
95627
95623
95610
95618
95617
95613
95612
95608
95607
95603
95602
95601
95687
95683
95682
95681
95680
95673
95672
95671
95670
95678
93210
93218
93217
93216
93215
93208
93207
93206
93205
93201
93287
93286
93285
93281
93280
93276
93275
93271
93270
93278
93265
93261
93260
93268
93267
93251
93250
93258
93257
93256
93108
93107
93106
93105
93102
93187
93186
93185
93182
93180
93176
93175
93172
93170
93178
93165
93162
93160
93168
93167
93152
93150
93158
93157
93156
93120
93128
93127
93126
93125
93087
93086
93085
93082
93081
93076
93075
93072
93071
93078
93065
93062
93061
93068
93067
93052
93051
93058
93057
93056
93021
93028
93027
93026
93025
93018
93017
93016
93015
93012
93876
93875
93872
93871
93870
93865
93862
93861
93860
93867
93852
93851
93850
93857
93856
93821
93820
93827
93826
93825
93810
93817
93816
93815
93812
93807
93806
93805
93802
93801
93765
93762
93761
93760
93768
93752
93751
93750
93758
93756
93721
93720
93728
93726
93725
93710
93718
93716
93715
93712
93708
93706
93705
93702
93701
93786
93785
93782
93781
93780
93652
93651
93650
93658
93657
93621
93620
93628
93627
93625
93610
93618
93617
93615
93612
93608
93607
93605
93602
93601
93687
93685
93682
93681
93680
93675
93672
93671
93670
93678
93521
93520
93528
93527
93526
93510
93518
93517
93516
93512
93508
93507
93506
93502
93501
93587
93586
93582
93581
93580
93576
93572
93571
93570
93578
93562
93561
93560
93568
93567
92108
92107
92106
92105
92103
92187
92186
92185
92183
92180
92176
92175
92173
92170
92178
92165
92163
92160
92168
92167
92153
92150
92158
92157
92156
92130
92138
92137
92136
92135
92087
92086
92085
92083
92081
92076
92075
92073
92071
92078
92065
92063
92061
92068
92067
92053
92051
92058
92057
92056
92031
92038
92037
92036
92035
92018
92017
92016
92015
92013
92876
92875
92873
92871
92870
92865
92863
92861
92860
92867
92853
92851
92850
92857
92856
92831
92830
92837
92836
92835
92810
92817
92816
92815
92813
92807
92806
92805
92803
92801
92765
92763
92761
92760
92768
92753
92751
92750
92758
92756
92731
92730
92738
92736
92735
92710
92718
92716
92715
92713
92708
92706
92705
92703
92701
92786
92785
92783
92781
92780
92653
92651
92650
92658
92657
92631
92630
92638
92637
92635
92610
92618
92617
92615
92613
92608
92607
92605
92603
92601
92687
92685
92683
92681
92680
92675
92673
92671
92670
92678
92531
92530
92538
92537
92536
92510
92518
92517
92516
92513
92508
92507
92506
92503
92501
92587
92586
92583
92581
92580
92576
92573
92571
92570
92578
92563
92561
92560
92568
92567
92310
92318
92317
92316
92315
92308
92307
92306
92305
92301
92387
92386
92385
92381
92380
92376
92375
92371
92370
92378
92365
92361
92360
92368
92367
92351
92350
92358
92357
92356
91087
91086
91085
91083
91082
91076
91075
91073
91072
91078
91065
91063
91062
91068
91067
91053
91052
91058
91057
91056
91032
91038
91037
91036
91035
91028
91027
91026
91025
91023
91876
91875
91873
91872
91870
91865
91863
91862
91860
91867
91853
91852
91850
91857
91856
91832
91830
91837
91836
91835
91820
91827
91826
91825
91823
91807
91806
91805
91803
91802
91765
91763
91762
91760
91768
91753
91752
91750
91758
91756
91732
91730
91738
91736
91735
91720
91728
91726
91725
91723
91708
91706
91705
91703
91702
91786
91785
91783
91782
91780
91653
91652
91650
91658
91657
91632
91630
91638
91637
91635
91620
91628
91627
91625
91623
91608
91607
91605
91603
91602
91687
91685
91683
91682
91680
91675
91673
91672
91670
91678
91532
91530
91538
91537
91536
91520
91528
91527
91526
91523
91508
91507
91506
91503
91502
91587
91586
91583
91582
91580
91576
91573
91572
91570
91578
91563
91562
91560
91568
91567
91320
91328
91327
91326
91325
91308
91307
91306
91305
91302
91387
91386
91385
91382
91380
91376
91375
91372
91370
91378
91365
91362
91360
91368
91367
91352
91350
91358
91357
91356
91208
91207
91206
91205
91203
91287
91286
91285
91283
91280
91276
91275
91273
91270
91278
91265
91263
91260
91268
91267
91253
91250
91258
91257
91256
91230
91238
91237
91236
91235
90876
90875
90873
90872
90871
90865
90863
90862
90861
90867
90853
90852
90851
90857
90856
90832
90831
90837
90836
90835
90821
90827
90826
90825
90823
90817
90816
90815
90813
90812
90765
90763
90762
90761
90768
90753
90752
90751
90758
90756
90732
90731
90738
90736
90735
90721
90728
90726
90725
90723
90718
90716
90715
90713
90712
90786
90785
90783
90782
90781
90653
90652
90651
90658
90657
90632
90631
90638
90637
90635
90621
90628
90627
90625
90623
90618
90617
90615
90613
90612
90687
90685
90683
90682
90681
90675
90673
90672
90671
90678
90532
90531
90538
90537
90536
90521
90528
90527
90526
90523
90518
90517
90516
90513
90512
90587
90586
90583
90582
90581
90576
90573
90572
90571
90578
90563
90562
90561
90568
90567
90321
90328
90327
90326
90325
90318
90317
90316
90315
90312
90387
90386
90385
90382
90381
90376
90375
90372
90371
90378
90365
90362
90361
90368
90367
90352
90351
90358
90357
90356
90218
90217
90216
90215
90213
90287
90286
90285
90283
90281
90276
90275
90273
90271
90278
90265
90263
90261
90268
90267
90253
90251
90258
90257
90256
90231
90238
90237
90236
90235
90187
90186
90185
90183
90182
90176
90175
90173
90172
90178
90165
90163
90162
90168
90167
90153
90152
90158
90157
90156
90132
90138
90137
90136
90135
90128
90127
90126
90125
90123
87653
87652
87651
87650
87659
87632
87631
87630
87639
87635
87621
87620
87629
87625
87623
87610
87619
87615
87613
87612
87609
87605
87603
87602
87601
87695
87693
87692
87691
87690
87532
87531
87530
87539
87536
87521
87520
87529
87526
87523
87510
87519
87516
87513
87512
87509
87506
87503
87502
87501
87596
87593
87592
87591
87590
87563
87562
87561
87560
87569
87321
87320
87329
87326
87325
87310
87319
87316
87315
87312
87309
87306
87305
87302
87301
87396
87395
87392
87391
87390
87365
87362
87361
87360
87369
87352
87351
87350
87359
87356
87210
87219
87216
87215
87213
87209
87206
87205
87203
87201
87296
87295
87293
87291
87290
87265
87263
87261
87260
87269
87253
87251
87250
87259
87256
87231
87230
87239
87236
87235
87109
87106
87105
87103
87102
87196
87195
87193
87192
87190
87165
87163
87162
87160
87169
87153
87152
87150
87159
87156
87132
87130
87139
87136
87135
87120
87129
87126
87125
87123
87096
87095
87093
87092
87091
87065
87063
87062
87061
87069
87053
87052
87051
87059
87056
87032
87031
87039
87036
87035
87021
87029
87026
87025
87023
87019
87016
87015
87013
87012
87965
87963
87962
87961
87960
87953
87952
87951
87950
87956
87932
87931
87930
87936
87935
87921
87920
87926
87925
87923
87910
87916
87915
87913
87912
87906
87905
87903
87902
87901
86532
86531
86530
86539
86537
86521
86520
86529
86527
86523
86510
86519
86517
86513
86512
86509
86507
86503
86502
86501
86597
86593
86592
86591
86590
86573
86572
86571
86570
86579
86321
86320
86329
86327
86325
86310
86319
86317
86315
86312
86309
86307
86305
86302
86301
86397
86395
86392
86391
86390
86375
86372
86371
86370
86379
86352
86351
86350
86359
86357
86210
86219
86217
86215
86213
86209
86207
86205
86203
86201
86297
86295
86293
86291
86290
86275
86273
86271
86270
86279
86253
86251
86250
86259
86257
86231
86230
86239
86237
86235
86109
86107
86105
86103
86102
86197
86195
86193
86192
86190
86175
86173
86172
86170
86179
86153
86152
86150
86159
86157
86132
86130
86139
86137
86135
86120
86129
86127
86125
86123
86097
86095
86093
86092
86091
86075
86073
86072
86071
86079
86053
86052
86051
86059
86057
86032
86031
86039
86037
86035
86021
86029
86027
86025
86023
86019
86017
86015
86013
86012
86975
86973
86972
86971
86970
86953
86952
86951
86950
86957
86932
86931
86930
86937
86935
86921
86920
86927
86925
86923
86910
86917
86915
86913
86912
86907
86905
86903
86902
86901
86753
86752
86751
86750
86759
86732
86731
86730
86739
86735
86721
86720
86729
86725
86723
86710
86719
86715
86713
86712
86709
86705
86703
86702
86701
86795
86793
86792
86791
86790
85321
85320
85329
85327
85326
85310
85319
85317
85316
85312
85309
85307
85306
85302
85301
85397
85396
85392
85391
85390
85376
85372
85371
85370
85379
85362
85361
85360
85369
85367
85210
85219
85217
85216
85213
85209
85207
85206
85203
85201
85297
85296
85293
85291
85290
85276
85273
85271
85270
85279
85263
85261
85260
85269
85267
85231
85230
85239
85237
85236
85109
85107
85106
85103
85102
85197
85196
85193
85192
85190
85176
85173
85172
85170
85179
85163
85162
85160
85169
85167
85132
85130
85139
85137
85136
85120
85129
85127
85126
85123
85097
85096
85093
85092
85091
85076
85073
85072
85071
85079
85063
85062
85061
85069
85067
85032
85031
85039
85037
85036
85021
85029
85027
85026
85023
85019
85017
85016
85013
85012
85976
85973
85972
85971
85970
85963
85962
85961
85960
85967
85932
85931
85930
85937
85936
85921
85920
85927
85926
85923
85910
85917
85916
85913
85912
85907
85906
85903
85902
85901
85763
85762
85761
85760
85769
85732
85731
85730
85739
85736
85721
85720
85729
85726
85723
85710
85719
85716
85713
85712
85709
85706
85703
85702
85701
85796
85793
85792
85791
85790
85632
85631
85630
85639
85637
85621
85620
85629
85627
85623
85610
85619
85617
85613
85612
85609
85607
85603
85602
85601
85697
85693
85692
85691
85690
85673
85672
85671
85670
85679
83210
83219
83217
83216
83215
83209
83207
83206
83205
83201
83297
83296
83295
83291
83290
83276
83275
83271
83270
83279
83265
83261
83260
83269
83267
83251
83250
83259
83257
83256
83109
83107
83106
83105
83102
83197
83196
83195
83192
83190
83176
83175
83172
83170
83179
83165
83162
83160
83169
83167
83152
83150
83159
83157
83156
83120
83129
83127
83126
83125
83097
83096
83095
83092
83091
83076
83075
83072
83071
83079
83065
83062
83061
83069
83067
83052
83051
83059
83057
83056
83021
83029
83027
83026
83025
83019
83017
83016
83015
83012
83976
83975
83972
83971
83970
83965
83962
83961
83960
83967
83952
83951
83950
83957
83956
83921
83920
83927
83926
83925
83910
83917
83916
83915
83912
83907
83906
83905
83902
83901
83765
83762
83761
83760
83769
83752
83751
83750
83759
83756
83721
83720
83729
83726
83725
83710
83719
83716
83715
83712
83709
83706
83705
83702
83701
83796
83795
83792
83791
83790
83652
83651
83650
83659
83657
83621
83620
83629
83627
83625
83610
83619
83617
83615
83612
83609
83607
83605
83602
83601
83697
83695
83692
83691
83690
83675
83672
83671
83670
83679
83521
83520
83529
83527
83526
83510
83519
83517
83516
83512
83509
83507
83506
83502
83501
83597
83596
83592
83591
83590
83576
83572
83571
83570
83579
83562
83561
83560
83569
83567
82109
82107
82106
82105
82103
82197
82196
82195
82193
82190
82176
82175
82173
82170
82179
82165
82163
82160
82169
82167
82153
82150
82159
82157
82156
82130
82139
82137
82136
82135
82097
82096
82095
82093
82091
82076
82075
82073
82071
82079
82065
82063
82061
82069
82067
82053
82051
82059
82057
82056
82031
82039
82037
82036
82035
82019
82017
82016
82015
82013
82976
82975
82973
82971
82970
82965
82963
82961
82960
82967
82953
82951
82950
82957
82956
82931
82930
82937
82936
82935
82910
82917
82916
82915
82913
82907
82906
82905
82903
82901
82765
82763
82761
82760
82769
82753
82751
82750
82759
82756
82731
82730
82739
82736
82735
82710
82719
82716
82715
82713
82709
82706
82705
82703
82701
82796
82795
82793
82791
82790
82653
82651
82650
82659
82657
82631
82630
82639
82637
82635
82610
82619
82617
82615
82613
82609
82607
82605
82603
82601
82697
82695
82693
82691
82690
82675
82673
82671
82670
82679
82531
82530
82539
82537
82536
82510
82519
82517
82516
82513
82509
82507
82506
82503
82501
82597
82596
82593
82591
82590
82576
82573
82571
82570
82579
82563
82561
82560
82569
82567
82310
82319
82317
82316
82315
82309
82307
82306
82305
82301
82397
82396
82395
82391
82390
82376
82375
82371
82370
82379
82365
82361
82360
82369
82367
82351
82350
82359
82357
82356
81097
81096
81095
81093
81092
81076
81075
81073
81072
81079
81065
81063
81062
81069
81067
81053
81052
81059
81057
81056
81032
81039
81037
81036
81035
81029
81027
81026
81025
81023
81976
81975
81973
81972
81970
81965
81963
81962
81960
81967
81953
81952
81950
81957
81956
81932
81930
81937
81936
81935
81920
81927
81926
81925
81923
81907
81906
81905
81903
81902
81765
81763
81762
81760
81769
81753
81752
81750
81759
81756
81732
81730
81739
81736
81735
81720
81729
81726
81725
81723
81709
81706
81705
81703
81702
81796
81795
81793
81792
81790
81653
81652
81650
81659
81657
81632
81630
81639
81637
81635
81620
81629
81627
81625
81623
81609
81607
81605
81603
81602
81697
81695
81693
81692
81690
81675
81673
81672
81670
81679
81532
81530
81539
81537
81536
81520
81529
81527
81526
81523
81509
81507
81506
81503
81502
81597
81596
81593
81592
81590
81576
81573
81572
81570
81579
81563
81562
81560
81569
81567
81320
81329
81327
81326
81325
81309
81307
81306
81305
81302
81397
81396
81395
81392
81390
81376
81375
81372
81370
81379
81365
81362
81360
81369
81367
81352
81350
81359
81357
81356
81209
81207
81206
81205
81203
81297
81296
81295
81293
81290
81276
81275
81273
81270
81279
81265
81263
81260
81269
81267
81253
81250
81259
81257
81256
81230
81239
81237
81236
81235
80976
80975
80973
80972
80971
80965
80963
80962
80961
80967
80953
80952
80951
80957
80956
80932
80931
80937
80936
80935
80921
80927
80926
80925
80923
80917
80916
80915
80913
80912
80765
80763
80762
80761
80769
80753
80752
80751
80759
80756
80732
80731
80739
80736
80735
80721
80729
80726
80725
80723
80719
80716
80715
80713
80712
80796
80795
80793
80792
80791
80653
80652
80651
80659
80657
80632
80631
80639
80637
80635
80621
80629
80627
80625
80623
80619
80617
80615
80613
80612
80697
80695
80693
80692
80691
80675
80673
80672
80671
80679
80532
80531
80539
80537
80536
80521
80529
80527
80526
80523
80519
80517
80516
80513
80512
80597
80596
80593
80592
80591
80576
80573
80572
80571
80579
80563
80562
80561
80569
80567
80321
80329
80327
80326
80325
80319
80317
80316
80315
80312
80397
80396
80395
80392
80391
80376
80375
80372
80371
80379
80365
80362
80361
80369
80367
80352
80351
80359
80357
80356
80219
80217
80216
80215
80213
80297
80296
80295
80293
80291
80276
80275
80273
80271
80279
80265
80263
80261
80269
80267
80253
80251
80259
80257
80256
80231
80239
80237
80236
80235
80197
80196
80195
80193
80192
80176
80175
80173
80172
80179
80165
80163
80162
80169
80167
80153
80152
80159
80157
80156
80132
80139
80137
80136
80135
80129
80127
80126
80125
80123
89765
89763
89762
89761
89760
89753
89752
89751
89750
89756
89732
89731
89730
89736
89735
89721
89720
89726
89725
89723
89710
89716
89715
89713
89712
89706
89705
89703
89702
89701
89653
89652
89651
89650
89657
89632
89631
89630
89637
89635
89621
89620
89627
89625
89623
89610
89617
89615
89613
89612
89607
89605
89603
89602
89601
89675
89673
89672
89671
89670
89532
89531
89530
89537
89536
89521
89520
89527
89526
89523
89510
89517
89516
89513
89512
89507
89506
89503
89502
89501
89576
89573
89572
89571
89570
89563
89562
89561
89560
89567
89321
89320
89327
89326
89325
89310
89317
89316
89315
89312
89307
89306
89305
89302
89301
89376
89375
89372
89371
89370
89365
89362
89361
89360
89367
89352
89351
89350
89357
89356
89210
89217
89216
89215
89213
89207
89206
89205
89203
89201
89276
89275
89273
89271
89270
89265
89263
89261
89260
89267
89253
89251
89250
89257
89256
89231
89230
89237
89236
89235
89107
89106
89105
89103
89102
89176
89175
89173
89172
89170
89165
89163
89162
89160
89167
89153
89152
89150
89157
89156
89132
89130
89137
89136
89135
89120
89127
89126
89125
89123
89076
89075
89073
89072
89071
89065
89063
89062
89061
89067
89053
89052
89051
89057
89056
89032
89031
89037
89036
89035
89021
89027
89026
89025
89023
89017
89016
89015
89013
89012
76532
76531
76530
76539
76538
76521
76520
76529
76528
76523
76510
76519
76518
76513
76512
76509
76508
76503
76502
76501
76598
76593
76592
76591
76590
76583
76582
76581
76580
76589
76321
76320
76329
76328
76325
76310
76319
76318
76315
76312
76309
76308
76305
76302
76301
76398
76395
76392
76391
76390
76385
76382
76381
76380
76389
76352
76351
76350
76359
76358
76210
76219
76218
76215
76213
76209
76208
76205
76203
76201
76298
76295
76293
76291
76290
76285
76283
76281
76280
76289
76253
76251
76250
76259
76258
76231
76230
76239
76238
76235
76109
76108
76105
76103
76102
76198
76195
76193
76192
76190
76185
76183
76182
76180
76189
76153
76152
76150
76159
76158
76132
76130
76139
76138
76135
76120
76129
76128
76125
76123
76098
76095
76093
76092
76091
76085
76083
76082
76081
76089
76053
76052
76051
76059
76058
76032
76031
76039
76038
76035
76021
76029
76028
76025
76023
76019
76018
76015
76013
76012
76985
76983
76982
76981
76980
76953
76952
76951
76950
76958
76932
76931
76930
76938
76935
76921
76920
76928
76925
76923
76910
76918
76915
76913
76912
76908
76905
76903
76902
76901
76853
76852
76851
76850
76859
76832
76831
76830
76839
76835
76821
76820
76829
76825
76823
76810
76819
76815
76813
76812
76809
76805
76803
76802
76801
76895
76893
76892
76891
76890
75321
75320
75329
75328
75326
75310
75319
75318
75316
75312
75309
75308
75306
75302
75301
75398
75396
75392
75391
75390
75386
75382
75381
75380
75389
75362
75361
75360
75369
75368
75210
75219
75218
75216
75213
75209
75208
75206
75203
75201
75298
75296
75293
75291
75290
75286
75283
75281
75280
75289
75263
75261
75260
75269
75268
75231
75230
75239
75238
75236
75109
75108
75106
75103
75102
75198
75196
75193
75192
75190
75186
75183
75182
75180
75189
75163
75162
75160
75169
75168
75132
75130
75139
75138
75136
75120
75129
75128
75126
75123
75098
75096
75093
75092
75091
75086
75083
75082
75081
75089
75063
75062
75061
75069
75068
75032
75031
75039
75038
75036
75021
75029
75028
75026
75023
75019
75018
75016
75013
75012
75986
75983
75982
75981
75980
75963
75962
75961
75960
75968
75932
75931
75930
75938
75936
75921
75920
75928
75926
75923
75910
75918
75916
75913
75912
75908
75906
75903
75902
75901
75863
75862
75861
75860
75869
75832
75831
75830
75839
75836
75821
75820
75829
75826
75823
75810
75819
75816
75813
75812
75809
75806
75803
75802
75801
75896
75893
75892
75891
75890
75632
75631
75630
75639
75638
75621
75620
75629
75628
75623
75610
75619
75618
75613
75612
75609
75608
75603
75602
75601
75698
75693
75692
75691
75690
75683
75682
75681
75680
75689
73210
73219
73218
73216
73215
73209
73208
73206
73205
73201
73298
73296
73295
73291
73290
73286
73285
73281
73280
73289
73265
73261
73260
73269
73268
73251
73250
73259
73258
73256
73109
73108
73106
73105
73102
73198
73196
73195
73192
73190
73186
73185
73182
73180
73189
73165
73162
73160
73169
73168
73152
73150
73159
73158
73156
73120
73129
73128
73126
73125
73098
73096
73095
73092
73091
73086
73085
73082
73081
73089
73065
73062
73061
73069
73068
73052
73051
73059
73058
73056
73021
73029
73028
73026
73025
73019
73018
73016
73015
73012
73986
73985
73982
73981
73980
73965
73962
73961
73960
73968
73952
73951
73950
73958
73956
73921
73920
73928
73926
73925
73910
73918
73916
73915
73912
73908
73906
73905
73902
73901
73865
73862
73861
73860
73869
73852
73851
73850
73859
73856
73821
73820
73829
73826
73825
73810
73819
73816
73815
73812
73809
73806
73805
73802
73801
73896
73895
73892
73891
73890
73652
73651
73650
73659
73658
73621
73620
73629
73628
73625
73610
73619
73618
73615
73612
73609
73608
73605
73602
73601
73698
73695
73692
73691
73690
73685
73682
73681
73680
73689
73521
73520
73529
73528
73526
73510
73519
73518
73516
73512
73509
73508
73506
73502
73501
73598
73596
73592
73591
73590
73586
73582
73581
73580
73589
73562
73561
73560
73569
73568
72109
72108
72106
72105
72103
72198
72196
72195
72193
72190
72186
72185
72183
72180
72189
72165
72163
72160
72169
72168
72153
72150
72159
72158
72156
72130
72139
72138
72136
72135
72098
72096
72095
72093
72091
72086
72085
72083
72081
72089
72065
72063
72061
72069
72068
72053
72051
72059
72058
72056
72031
72039
72038
72036
72035
72019
72018
72016
72015
72013
72986
72985
72983
72981
72980
72965
72963
72961
72960
72968
72953
72951
72950
72958
72956
72931
72930
72938
72936
72935
72910
72918
72916
72915
72913
72908
72906
72905
72903
72901
72865
72863
72861
72860
72869
72853
72851
72850
72859
72856
72831
72830
72839
72836
72835
72810
72819
72816
72815
72813
72809
72806
72805
72803
72801
72896
72895
72893
72891
72890
72653
72651
72650
72659
72658
72631
72630
72639
72638
72635
72610
72619
72618
72615
72613
72609
72608
72605
72603
72601
72698
72695
72693
72691
72690
72685
72683
72681
72680
72689
72531
72530
72539
72538
72536
72510
72519
72518
72516
72513
72509
72508
72506
72503
72501
72598
72596
72593
72591
72590
72586
72583
72581
72580
72589
72563
72561
72560
72569
72568
72310
72319
72318
72316
72315
72309
72308
72306
72305
72301
72398
72396
72395
72391
72390
72386
72385
72381
72380
72389
72365
72361
72360
72369
72368
72351
72350
72359
72358
72356
71098
71096
71095
71093
71092
71086
71085
71083
71082
71089
71065
71063
71062
71069
71068
71053
71052
71059
71058
71056
71032
71039
71038
71036
71035
71029
71028
71026
71025
71023
71986
71985
71983
71982
71980
71965
71963
71962
71960
71968
71953
71952
71950
71958
71956
71932
71930
71938
71936
71935
71920
71928
71926
71925
71923
71908
71906
71905
71903
71902
71865
71863
71862
71860
71869
71853
71852
71850
71859
71856
71832
71830
71839
71836
71835
71820
71829
71826
71825
71823
71809
71806
71805
71803
71802
71896
71895
71893
71892
71890
71653
71652
71650
71659
71658
71632
71630
71639
71638
71635
71620
71629
71628
71625
71623
71609
71608
71605
71603
71602
71698
71695
71693
71692
71690
71685
71683
71682
71680
71689
71532
71530
71539
71538
71536
71520
71529
71528
71526
71523
71509
71508
71506
71503
71502
71598
71596
71593
71592
71590
71586
71583
71582
71580
71589
71563
71562
71560
71569
71568
71320
71329
71328
71326
71325
71309
71308
71306
71305
71302
71398
71396
71395
71392
71390
71386
71385
71382
71380
71389
71365
71362
71360
71369
71368
71352
71350
71359
71358
71356
71209
71208
71206
71205
71203
71298
71296
71295
71293
71290
71286
71285
71283
71280
71289
71265
71263
71260
71269
71268
71253
71250
71259
71258
71256
71230
71239
71238
71236
71235
70986
70985
70983
70982
70981
70965
70963
70962
70961
70968
70953
70952
70951
70958
70956
70932
70931
70938
70936
70935
70921
70928
70926
70925
70923
70918
70916
70915
70913
70912
70865
70863
70862
70861
70869
70853
70852
70851
70859
70856
70832
70831
70839
70836
70835
70821
70829
70826
70825
70823
70819
70816
70815
70813
70812
70896
70895
70893
70892
70891
70653
70652
70651
70659
70658
70632
70631
70639
70638
70635
70621
70629
70628
70625
70623
70619
70618
70615
70613
70612
70698
70695
70693
70692
70691
70685
70683
70682
70681
70689
70532
70531
70539
70538
70536
70521
70529
70528
70526
70523
70519
70518
70516
70513
70512
70598
70596
70593
70592
70591
70586
70583
70582
70581
70589
70563
70562
70561
70569
70568
70321
70329
70328
70326
70325
70319
70318
70316
70315
70312
70398
70396
70395
70392
70391
70386
70385
70382
70381
70389
70365
70362
70361
70369
70368
70352
70351
70359
70358
70356
70219
70218
70216
70215
70213
70298
70296
70295
70293
70291
70286
70285
70283
70281
70289
70265
70263
70261
70269
70268
70253
70251
70259
70258
70256
70231
70239
70238
70236
70235
70198
70196
70195
70193
70192
70186
70185
70183
70182
70189
70165
70163
70162
70169
70168
70153
70152
70159
70158
70156
70132
70139
70138
70136
70135
70129
70128
70126
70125
70123
79865
79863
79862
79861
79860
79853
79852
79851
79850
79856
79832
79831
79830
79836
79835
79821
79820
79826
79825
79823
79810
79816
79815
79813
79812
79806
79805
79803
79802
79801
79653
79652
79651
79650
79658
79632
79631
79630
79638
79635
79621
79620
79628
79625
79623
79610
79618
79615
79613
79612
79608
79605
79603
79602
79601
79685
79683
79682
79681
79680
79532
79531
79530
79538
79536
79521
79520
79528
79526
79523
79510
79518
79516
79513
79512
79508
79506
79503
79502
79501
79586
79583
79582
79581
79580
79563
79562
79561
79560
79568
79321
79320
79328
79326
79325
79310
79318
79316
79315
79312
79308
79306
79305
79302
79301
79386
79385
79382
79381
79380
79365
79362
79361
79360
79368
79352
79351
79350
79358
79356
79210
79218
79216
79215
79213
79208
79206
79205
79203
79201
79286
79285
79283
79281
79280
79265
79263
79261
79260
79268
79253
79251
79250
79258
79256
79231
79230
79238
79236
79235
79108
79106
79105
79103
79102
79186
79185
79183
79182
79180
79165
79163
79162
79160
79168
79153
79152
79150
79158
79156
79132
79130
79138
79136
79135
79120
79128
79126
79125
79123
79086
79085
79083
79082
79081
79065
79063
79062
79061
79068
79053
79052
79051
79058
79056
79032
79031
79038
79036
79035
79021
79028
79026
79025
79023
79018
79016
79015
79013
79012
78653
78652
78651
78650
78659
78632
78631
78630
78639
78635
78621
78620
78629
78625
78623
78610
78619
78615
78613
78612
78609
78605
78603
78602
78601
78695
78693
78692
78691
78690
78532
78531
78530
78539
78536
78521
78520
78529
78526
78523
78510
78519
78516
78513
78512
78509
78506
78503
78502
78501
78596
78593
78592
78591
78590
78563
78562
78561
78560
78569
78321
78320
78329
78326
78325
78310
78319
78316
78315
78312
78309
78306
78305
78302
78301
78396
78395
78392
78391
78390
78365
78362
78361
78360
78369
78352
78351
78350
78359
78356
78210
78219
78216
78215
78213
78209
78206
78205
78203
78201
78296
78295
78293
78291
78290
78265
78263
78261
78260
78269
78253
78251
78250
78259
78256
78231
78230
78239
78236
78235
78109
78106
78105
78103
78102
78196
78195
78193
78192
78190
78165
78163
78162
78160
78169
78153
78152
78150
78159
78156
78132
78130
78139
78136
78135
78120
78129
78126
78125
78123
78096
78095
78093
78092
78091
78065
78063
78062
78061
78069
78053
78052
78051
78059
78056
78032
78031
78039
78036
78035
78021
78029
78026
78025
78023
78019
78016
78015
78013
78012
78965
78963
78962
78961
78960
78953
78952
78951
78950
78956
78932
78931
78930
78936
78935
78921
78920
78926
78925
78923
78910
78916
78915
78913
78912
78906
78905
78903
78902
78901
65321
65320
65329
65328
65327
65310
65319
65318
65317
65312
65309
65308
65307
65302
65301
65398
65397
65392
65391
65390
65387
65382
65381
65380
65389
65372
65371
65370
65379
65378
65210
65219
65218
65217
65213
65209
65208
65207
65203
65201
65298
65297
65293
65291
65290
65287
65283
65281
65280
65289
65273
65271
65270
65279
65278
65231
65230
65239
65238
65237
65109
65108
65107
65103
65102
65198
65197
65193
65192
65190
65187
65183
65182
65180
65189
65173
65172
65170
65179
65178
65132
65130
65139
65138
65137
65120
65129
65128
65127
65123
65098
65097
65093
65092
65091
65087
65083
65082
65081
65089
65073
65072
65071
65079
65078
65032
65031
65039
65038
65037
65021
65029
65028
65027
65023
65019
65018
65017
65013
65012
65987
65983
65982
65981
65980
65973
65972
65971
65970
65978
65932
65931
65930
65938
65937
65921
65920
65928
65927
65923
65910
65918
65917
65913
65912
65908
65907
65903
65902
65901
65873
65872
65871
65870
65879
65832
65831
65830
65839
65837
65821
65820
65829
65827
65823
65810
65819
65817
65813
65812
65809
65807
65803
65802
65801
65897
65893
65892
65891
65890
65732
65731
65730
65739
65738
65721
65720
65729
65728
65723
65710
65719
65718
65713
65712
65709
65708
65703
65702
65701
65798
65793
65792
65791
65790
65783
65782
65781
65780
65789
63210
63219
63218
63217
63215
63209
63208
63207
63205
63201
63298
63297
63295
63291
63290
63287
63285
63281
63280
63289
63275
63271
63270
63279
63278
63251
63250
63259
63258
63257
63109
63108
63107
63105
63102
63198
63197
63195
63192
63190
63187
63185
63182
63180
63189
63175
63172
63170
63179
63178
63152
63150
63159
63158
63157
63120
63129
63128
63127
63125
63098
63097
63095
63092
63091
63087
63085
63082
63081
63089
63075
63072
63071
63079
63078
63052
63051
63059
63058
63057
63021
63029
63028
63027
63025
63019
63018
63017
63015
63012
63987
63985
63982
63981
63980
63975
63972
63971
63970
63978
63952
63951
63950
63958
63957
63921
63920
63928
63927
63925
63910
63918
63917
63915
63912
63908
63907
63905
63902
63901
63875
63872
63871
63870
63879
63852
63851
63850
63859
63857
63821
63820
63829
63827
63825
63810
63819
63817
63815
63812
63809
63807
63805
63802
63801
63897
63895
63892
63891
63890
63752
63751
63750
63759
63758
63721
63720
63729
63728
63725
63710
63719
63718
63715
63712
63709
63708
63705
63702
63701
63798
63795
63792
63791
63790
63785
63782
63781
63780
63789
63521
63520
63529
63528
63527
63510
63519
63518
63517
63512
63509
63508
63507
63502
63501
63598
63597
63592
63591
63590
63587
63582
63581
63580
63589
63572
63571
63570
63579
63578
62109
62108
62107
62105
62103
62198
62197
62195
62193
62190
62187
62185
62183
62180
62189
62175
62173
62170
62179
62178
62153
62150
62159
62158
62157
62130
62139
62138
62137
62135
62098
62097
62095
62093
62091
62087
62085
62083
62081
62089
62075
62073
62071
62079
62078
62053
62051
62059
62058
62057
62031
62039
62038
62037
62035
62019
62018
62017
62015
62013
62987
62985
62983
62981
62980
62975
62973
62971
62970
62978
62953
62951
62950
62958
62957
62931
62930
62938
62937
62935
62910
62918
62917
62915
62913
62908
62907
62905
62903
62901
62875
62873
62871
62870
62879
62853
62851
62850
62859
62857
62831
62830
62839
62837
62835
62810
62819
62817
62815
62813
62809
62807
62805
62803
62801
62897
62895
62893
62891
62890
62753
62751
62750
62759
62758
62731
62730
62739
62738
62735
62710
62719
62718
62715
62713
62709
62708
62705
62703
62701
62798
62795
62793
62791
62790
62785
62783
62781
62780
62789
62531
62530
62539
62538
62537
62510
62519
62518
62517
62513
62509
62508
62507
62503
62501
62598
62597
62593
62591
62590
62587
62583
62581
62580
62589
62573
62571
62570
62579
62578
62310
62319
62318
62317
62315
62309
62308
62307
62305
62301
62398
62397
62395
62391
62390
62387
62385
62381
62380
62389
62375
62371
62370
62379
62378
62351
62350
62359
62358
62357
61098
61097
61095
61093
61092
61087
61085
61083
61082
61089
61075
61073
61072
61079
61078
61053
61052
61059
61058
61057
61032
61039
61038
61037
61035
61029
61028
61027
61025
61023
61987
61985
61983
61982
61980
61975
61973
61972
61970
61978
61953
61952
61950
61958
61957
61932
61930
61938
61937
61935
61920
61928
61927
61925
61923
61908
61907
61905
61903
61902
61875
61873
61872
61870
61879
61853
61852
61850
61859
61857
61832
61830
61839
61837
61835
61820
61829
61827
61825
61823
61809
61807
61805
61803
61802
61897
61895
61893
61892
61890
61753
61752
61750
61759
61758
61732
61730
61739
61738
61735
61720
61729
61728
61725
61723
61709
61708
61705
61703
61702
61798
61795
61793
61792
61790
61785
61783
61782
61780
61789
61532
61530
61539
61538
61537
61520
61529
61528
61527
61523
61509
61508
61507
61503
61502
61598
61597
61593
61592
61590
61587
61583
61582
61580
61589
61573
61572
61570
61579
61578
61320
61329
61328
61327
61325
61309
61308
61307
61305
61302
61398
61397
61395
61392
61390
61387
61385
61382
61380
61389
61375
61372
61370
61379
61378
61352
61350
61359
61358
61357
61209
61208
61207
61205
61203
61298
61297
61295
61293
61290
61287
61285
61283
61280
61289
61275
61273
61270
61279
61278
61253
61250
61259
61258
61257
61230
61239
61238
61237
61235
60987
60985
60983
60982
60981
60975
60973
60972
60971
60978
60953
60952
60951
60958
60957
60932
60931
60938
60937
60935
60921
60928
60927
60925
60923
60918
60917
60915
60913
60912
60875
60873
60872
60871
60879
60853
60852
60851
60859
60857
60832
60831
60839
60837
60835
60821
60829
60827
60825
60823
60819
60817
60815
60813
60812
60897
60895
60893
60892
60891
60753
60752
60751
60759
60758
60732
60731
60739
60738
60735
60721
60729
60728
60725
60723
60719
60718
60715
60713
60712
60798
60795
60793
60792
60791
60785
60783
60782
60781
60789
60532
60531
60539
60538
60537
60521
60529
60528
60527
60523
60519
60518
60517
60513
60512
60598
60597
60593
60592
60591
60587
60583
60582
60581
60589
60573
60572
60571
60579
60578
60321
60329
60328
60327
60325
60319
60318
60317
60315
60312
60398
60397
60395
60392
60391
60387
60385
60382
60381
60389
60375
60372
60371
60379
60378
60352
60351
60359
60358
60357
60219
60218
60217
60215
60213
60298
60297
60295
60293
60291
60287
60285
60283
60281
60289
60275
60273
60271
60279
60278
60253
60251
60259
60258
60257
60231
60239
60238
60237
60235
60198
60197
60195
60193
60192
60187
60185
60183
60182
60189
60175
60173
60172
60179
60178
60153
60152
60159
60158
60157
60132
60139
60138
60137
60135
60129
60128
60127
60125
60123
69875
69873
69872
69871
69870
69853
69852
69851
69850
69857
69832
69831
69830
69837
69835
69821
69820
69827
69825
69823
69810
69817
69815
69813
69812
69807
69805
69803
69802
69801
69753
69752
69751
69750
69758
69732
69731
69730
69738
69735
69721
69720
69728
69725
69723
69710
69718
69715
69713
69712
69708
69705
69703
69702
69701
69785
69783
69782
69781
69780
69532
69531
69530
69538
69537
69521
69520
69528
69527
69523
69510
69518
69517
69513
69512
69508
69507
69503
69502
69501
69587
69583
69582
69581
69580
69573
69572
69571
69570
69578
69321
69320
69328
69327
69325
69310
69318
69317
69315
69312
69308
69307
69305
69302
69301
69387
69385
69382
69381
69380
69375
69372
69371
69370
69378
69352
69351
69350
69358
69357
69210
69218
69217
69215
69213
69208
69207
69205
69203
69201
69287
69285
69283
69281
69280
69275
69273
69271
69270
69278
69253
69251
69250
69258
69257
69231
69230
69238
69237
69235
69108
69107
69105
69103
69102
69187
69185
69183
69182
69180
69175
69173
69172
69170
69178
69153
69152
69150
69158
69157
69132
69130
69138
69137
69135
69120
69128
69127
69125
69123
69087
69085
69083
69082
69081
69075
69073
69072
69071
69078
69053
69052
69051
69058
69057
69032
69031
69038
69037
69035
69021
69028
69027
69025
69023
69018
69017
69015
69013
69012
68753
68752
68751
68750
68759
68732
68731
68730
68739
68735
68721
68720
68729
68725
68723
68710
68719
68715
68713
68712
68709
68705
68703
68702
68701
68795
68793
68792
68791
68790
68532
68531
68530
68539
68537
68521
68520
68529
68527
68523
68510
68519
68517
68513
68512
68509
68507
68503
68502
68501
68597
68593
68592
68591
68590
68573
68572
68571
68570
68579
68321
68320
68329
68327
68325
68310
68319
68317
68315
68312
68309
68307
68305
68302
68301
68397
68395
68392
68391
68390
68375
68372
68371
68370
68379
68352
68351
68350
68359
68357
68210
68219
68217
68215
68213
68209
68207
68205
68203
68201
68297
68295
68293
68291
68290
68275
68273
68271
68270
68279
68253
68251
68250
68259
68257
68231
68230
68239
68237
68235
68109
68107
68105
68103
68102
68197
68195
68193
68192
68190
68175
68173
68172
68170
68179
68153
68152
68150
68159
68157
68132
68130
68139
68137
68135
68120
68129
68127
68125
68123
68097
68095
68093
68092
68091
68075
68073
68072
68071
68079
68053
68052
68051
68059
68057
68032
68031
68039
68037
68035
68021
68029
68027
68025
68023
68019
68017
68015
68013
68012
68975
68973
68972
68971
68970
68953
68952
68951
68950
68957
68932
68931
68930
68937
68935
68921
68920
68927
68925
68923
68910
68917
68915
68913
68912
68907
68905
68903
68902
68901
67532
67531
67530
67539
67538
67521
67520
67529
67528
67523
67510
67519
67518
67513
67512
67509
67508
67503
67502
67501
67598
67593
67592
67591
67590
67583
67582
67581
67580
67589
67321
67320
67329
67328
67325
67310
67319
67318
67315
67312
67309
67308
67305
67302
67301
67398
67395
67392
67391
67390
67385
67382
67381
67380
67389
67352
67351
67350
67359
67358
67210
67219
67218
67215
67213
67209
67208
67205
67203
67201
67298
67295
67293
67291
67290
67285
67283
67281
67280
67289
67253
67251
67250
67259
67258
67231
67230
67239
67238
67235
67109
67108
67105
67103
67102
67198
67195
67193
67192
67190
67185
67183
67182
67180
67189
67153
67152
67150
67159
67158
67132
67130
67139
67138
67135
67120
67129
67128
67125
67123
67098
67095
67093
67092
67091
67085
67083
67082
67081
67089
67053
67052
67051
67059
67058
67032
67031
67039
67038
67035
67021
67029
67028
67025
67023
67019
67018
67015
67013
67012
67985
67983
67982
67981
67980
67953
67952
67951
67950
67958
67932
67931
67930
67938
67935
67921
67920
67928
67925
67923
67910
67918
67915
67913
67912
67908
67905
67903
67902
67901
67853
67852
67851
67850
67859
67832
67831
67830
67839
67835
67821
67820
67829
67825
67823
67810
67819
67815
67813
67812
67809
67805
67803
67802
67801
67895
67893
67892
67891
67890
53210
53219
53218
53217
53216
53209
53208
53207
53206
53201
53298
53297
53296
53291
53290
53287
53286
53281
53280
53289
53276
53271
53270
53279
53278
53261
53260
53269
53268
53267
53109
53108
53107
53106
53102
53198
53197
53196
53192
53190
53187
53186
53182
53180
53189
53176
53172
53170
53179
53178
53162
53160
53169
53168
53167
53120
53129
53128
53127
53126
53098
53097
53096
53092
53091
53087
53086
53082
53081
53089
53076
53072
53071
53079
53078
53062
53061
53069
53068
53067
53021
53029
53028
53027
53026
53019
53018
53017
53016
53012
53987
53986
53982
53981
53980
53976
53972
53971
53970
53978
53962
53961
53960
53968
53967
53921
53920
53928
53927
53926
53910
53918
53917
53916
53912
53908
53907
53906
53902
53901
53876
53872
53871
53870
53879
53862
53861
53860
53869
53867
53821
53820
53829
53827
53826
53810
53819
53817
53816
53812
53809
53807
53806
53802
53801
53897
53896
53892
53891
53890
53762
53761
53760
53769
53768
53721
53720
53729
53728
53726
53710
53719
53718
53716
53712
53709
53708
53706
53702
53701
53798
53796
53792
53791
53790
53786
53782
53781
53780
53789
53621
53620
53629
53628
53627
53610
53619
53618
53617
53612
53609
53608
53607
53602
53601
53698
53697
53692
53691
53690
53687
53682
53681
53680
53689
53672
53671
53670
53679
53678
52109
52108
52107
52106
52103
52198
52197
52196
52193
52190
52187
52186
52183
52180
52189
52176
52173
52170
52179
52178
52163
52160
52169
52168
52167
52130
52139
52138
52137
52136
52098
52097
52096
52093
52091
52087
52086
52083
52081
52089
52076
52073
52071
52079
52078
52063
52061
52069
52068
52067
52031
52039
52038
52037
52036
52019
52018
52017
52016
52013
52987
52986
52983
52981
52980
52976
52973
52971
52970
52978
52963
52961
52960
52968
52967
52931
52930
52938
52937
52936
52910
52918
52917
52916
52913
52908
52907
52906
52903
52901
52876
52873
52871
52870
52879
52863
52861
52860
52869
52867
52831
52830
52839
52837
52836
52810
52819
52817
52816
52813
52809
52807
52806
52803
52801
52897
52896
52893
52891
52890
52763
52761
52760
52769
52768
52731
52730
52739
52738
52736
52710
52719
52718
52716
52713
52709
52708
52706
52703
52701
52798
52796
52793
52791
52790
52786
52783
52781
52780
52789
52631
52630
52639
52638
52637
52610
52619
52618
52617
52613
52609
52608
52607
52603
52601
52698
52697
52693
52691
52690
52687
52683
52681
52680
52689
52673
52671
52670
52679
52678
52310
52319
52318
52317
52316
52309
52308
52307
52306
52301
52398
52397
52396
52391
52390
52387
52386
52381
52380
52389
52376
52371
52370
52379
52378
52361
52360
52369
52368
52367
51098
51097
51096
51093
51092
51087
51086
51083
51082
51089
51076
51073
51072
51079
51078
51063
51062
51069
51068
51067
51032
51039
51038
51037
51036
51029
51028
51027
51026
51023
51987
51986
51983
51982
51980
51976
51973
51972
51970
51978
51963
51962
51960
51968
51967
51932
51930
51938
51937
51936
51920
51928
51927
51926
51923
51908
51907
51906
51903
51902
51876
51873
51872
51870
51879
51863
51862
51860
51869
51867
51832
51830
51839
51837
51836
51820
51829
51827
51826
51823
51809
51807
51806
51803
51802
51897
51896
51893
51892
51890
51763
51762
51760
51769
51768
51732
51730
51739
51738
51736
51720
51729
51728
51726
51723
51709
51708
51706
51703
51702
51798
51796
51793
51792
51790
51786
51783
51782
51780
51789
51632
51630
51639
51638
51637
51620
51629
51628
51627
51623
51609
51608
51607
51603
51602
51698
51697
51693
51692
51690
51687
51683
51682
51680
51689
51673
51672
51670
51679
51678
51320
51329
51328
51327
51326
51309
51308
51307
51306
51302
51398
51397
51396
51392
51390
51387
51386
51382
51380
51389
51376
51372
51370
51379
51378
51362
51360
51369
51368
51367
51209
51208
51207
51206
51203
51298
51297
51296
51293
51290
51287
51286
51283
51280
51289
51276
51273
51270
51279
51278
51263
51260
51269
51268
51267
51230
51239
51238
51237
51236
50987
50986
50983
50982
50981
50976
50973
50972
50971
50978
50963
50962
50961
50968
50967
50932
50931
50938
50937
50936
50921
50928
50927
50926
50923
50918
50917
50916
50913
50912
50876
50873
50872
50871
50879
50863
50862
50861
50869
50867
50832
50831
50839
50837
50836
50821
50829
50827
50826
50823
50819
50817
50816
50813
50812
50897
50896
50893
50892
50891
50763
50762
50761
50769
50768
50732
50731
50739
50738
50736
50721
50729
50728
50726
50723
50719
50718
50716
50713
50712
50798
50796
50793
50792
50791
50786
50783
50782
50781
50789
50632
50631
50639
50638
50637
50621
50629
50628
50627
50623
50619
50618
50617
50613
50612
50698
50697
50693
50692
50691
50687
50683
50682
50681
50689
50673
50672
50671
50679
50678
50321
50329
50328
50327
50326
50319
50318
50317
50316
50312
50398
50397
50396
50392
50391
50387
50386
50382
50381
50389
50376
50372
50371
50379
50378
50362
50361
50369
50368
50367
50219
50218
50217
50216
50213
50298
50297
50296
50293
50291
50287
50286
50283
50281
50289
50276
50273
50271
50279
50278
50263
50261
50269
50268
50267
50231
50239
50238
50237
50236
50198
50197
50196
50193
50192
50187
50186
50183
50182
50189
50176
50173
50172
50179
50178
50163
50162
50169
50168
50167
50132
50139
50138
50137
50136
50129
50128
50127
50126
50123
59876
59873
59872
59871
59870
59863
59862
59861
59860
59867
59832
59831
59830
59837
59836
59821
59820
59827
59826
59823
59810
59817
59816
59813
59812
59807
59806
59803
59802
59801
59763
59762
59761
59760
59768
59732
59731
59730
59738
59736
59721
59720
59728
59726
59723
59710
59718
59716
59713
59712
59708
59706
59703
59702
59701
59786
59783
59782
59781
59780
59632
59631
59630
59638
59637
59621
59620
59628
59627
59623
59610
59618
59617
59613
59612
59608
59607
59603
59602
59601
59687
59683
59682
59681
59680
59673
59672
59671
59670
59678
59321
59320
59328
59327
59326
59310
59318
59317
59316
59312
59308
59307
59306
59302
59301
59387
59386
59382
59381
59380
59376
59372
59371
59370
59378
59362
59361
59360
59368
59367
59210
59218
59217
59216
59213
59208
59207
59206
59203
59201
59287
59286
59283
59281
59280
59276
59273
59271
59270
59278
59263
59261
59260
59268
59267
59231
59230
59238
59237
59236
59108
59107
59106
59103
59102
59187
59186
59183
59182
59180
59176
59173
59172
59170
59178
59163
59162
59160
59168
59167
59132
59130
59138
59137
59136
59120
59128
59127
59126
59123
59087
59086
59083
59082
59081
59076
59073
59072
59071
59078
59063
59062
59061
59068
59067
59032
59031
59038
59037
59036
59021
59028
59027
59026
59023
59018
59017
59016
59013
59012
58763
58762
58761
58760
58769
58732
58731
58730
58739
58736
58721
58720
58729
58726
58723
58710
58719
58716
58713
58712
58709
58706
58703
58702
58701
58796
58793
58792
58791
58790
58632
58631
58630
58639
58637
58621
58620
58629
58627
58623
58610
58619
58617
58613
58612
58609
58607
58603
58602
58601
58697
58693
58692
58691
58690
58673
58672
58671
58670
58679
58321
58320
58329
58327
58326
58310
58319
58317
58316
58312
58309
58307
58306
58302
58301
58397
58396
58392
58391
58390
58376
58372
58371
58370
58379
58362
58361
58360
58369
58367
58210
58219
58217
58216
58213
58209
58207
58206
58203
58201
58297
58296
58293
58291
58290
58276
58273
58271
58270
58279
58263
58261
58260
58269
58267
58231
58230
58239
58237
58236
58109
58107
58106
58103
58102
58197
58196
58193
58192
58190
58176
58173
58172
58170
58179
58163
58162
58160
58169
58167
58132
58130
58139
58137
58136
58120
58129
58127
58126
58123
58097
58096
58093
58092
58091
58076
58073
58072
58071
58079
58063
58062
58061
58069
58067
58032
58031
58039
58037
58036
58021
58029
58027
58026
58023
58019
58017
58016
58013
58012
58976
58973
58972
58971
58970
58963
58962
58961
58960
58967
58932
58931
58930
58937
58936
58921
58920
58927
58926
58923
58910
58917
58916
58913
58912
58907
58906
58903
58902
58901
57632
57631
57630
57639
57638
57621
57620
57629
57628
57623
57610
57619
57618
57613
57612
57609
57608
57603
57602
57601
57698
57693
57692
57691
57690
57683
57682
57681
57680
57689
57321
57320
57329
57328
57326
57310
57319
57318
57316
57312
57309
57308
57306
57302
57301
57398
57396
57392
57391
57390
57386
57382
57381
57380
57389
57362
57361
57360
57369
57368
57210
57219
57218
57216
57213
57209
57208
57206
57203
57201
57298
57296
57293
57291
57290
57286
57283
57281
57280
57289
57263
57261
57260
57269
57268
57231
57230
57239
57238
57236
57109
57108
57106
57103
57102
57198
57196
57193
57192
57190
57186
57183
57182
57180
57189
57163
57162
57160
57169
57168
57132
57130
57139
57138
57136
57120
57129
57128
57126
57123
57098
57096
57093
57092
57091
57086
57083
57082
57081
57089
57063
57062
57061
57069
57068
57032
57031
57039
57038
57036
57021
57029
57028
57026
57023
57019
57018
57016
57013
57012
57986
57983
57982
57981
57980
57963
57962
57961
57960
57968
57932
57931
57930
57938
57936
57921
57920
57928
57926
57923
57910
57918
57916
57913
57912
57908
57906
57903
57902
57901
57863
57862
57861
57860
57869
57832
57831
57830
57839
57836
57821
57820
57829
57826
57823
57810
57819
57816
57813
57812
57809
57806
57803
57802
57801
57896
57893
57892
57891
57890
56321
56320
56329
56328
56327
56310
56319
56318
56317
56312
56309
56308
56307
56302
56301
56398
56397
56392
56391
56390
56387
56382
56381
56380
56389
56372
56371
56370
56379
56378
56210
56219
56218
56217
56213
56209
56208
56207
56203
56201
56298
56297
56293
56291
56290
56287
56283
56281
56280
56289
56273
56271
56270
56279
56278
56231
56230
56239
56238
56237
56109
56108
56107
56103
56102
56198
56197
56193
56192
56190
56187
56183
56182
56180
56189
56173
56172
56170
56179
56178
56132
56130
56139
56138
56137
56120
56129
56128
56127
56123
56098
56097
56093
56092
56091
56087
56083
56082
56081
56089
56073
56072
56071
56079
56078
56032
56031
56039
56038
56037
56021
56029
56028
56027
56023
56019
56018
56017
56013
56012
56987
56983
56982
56981
56980
56973
56972
56971
56970
56978
56932
56931
56930
56938
56937
56921
56920
56928
56927
56923
56910
56918
56917
56913
56912
56908
56907
56903
56902
56901
56873
56872
56871
56870
56879
56832
56831
56830
56839
56837
56821
56820
56829
56827
56823
56810
56819
56817
56813
56812
56809
56807
56803
56802
56801
56897
56893
56892
56891
56890
56732
56731
56730
56739
56738
56721
56720
56729
56728
56723
56710
56719
56718
56713
56712
56709
56708
56703
56702
56701
56798
56793
56792
56791
56790
56783
56782
56781
56780
56789
32109
32108
32107
32106
32105
32198
32197
32196
32195
32190
32187
32186
32185
32180
32189
32176
32175
32170
32179
32178
32165
32160
32169
32168
32167
32150
32159
32158
32157
32156
32098
32097
32096
32095
32091
32087
32086
32085
32081
32089
32076
32075
32071
32079
32078
32065
32061
32069
32068
32067
32051
32059
32058
32057
32056
32019
32018
32017
32016
32015
32987
32986
32985
32981
32980
32976
32975
32971
32970
32978
32965
32961
32960
32968
32967
32951
32950
32958
32957
32956
32910
32918
32917
32916
32915
32908
32907
32906
32905
32901
32876
32875
32871
32870
32879
32865
32861
32860
32869
32867
32851
32850
32859
32857
32856
32810
32819
32817
32816
32815
32809
32807
32806
32805
32801
32897
32896
32895
32891
32890
32765
32761
32760
32769
32768
32751
32750
32759
32758
32756
32710
32719
32718
32716
32715
32709
32708
32706
32705
32701
32798
32796
32795
32791
32790
32786
32785
32781
32780
32789
32651
32650
32659
32658
32657
32610
32619
32618
32617
32615
32609
32608
32607
32605
32601
32698
32697
32695
32691
32690
32687
32685
32681
32680
32689
32675
32671
32670
32679
32678
32510
32519
32518
32517
32516
32509
32508
32507
32506
32501
32598
32597
32596
32591
32590
32587
32586
32581
32580
32589
32576
32571
32570
32579
32578
32561
32560
32569
32568
32567
31098
31097
31096
31095
31092
31087
31086
31085
31082
31089
31076
31075
31072
31079
31078
31065
31062
31069
31068
31067
31052
31059
31058
31057
31056
31029
31028
31027
31026
31025
31987
31986
31985
31982
31980
31976
31975
31972
31970
31978
31965
31962
31960
31968
31967
31952
31950
31958
31957
31956
31920
31928
31927
31926
31925
31908
31907
31906
31905
31902
31876
31875
31872
31870
31879
31865
31862
31860
31869
31867
31852
31850
31859
31857
31856
31820
31829
31827
31826
31825
31809
31807
31806
31805
31802
31897
31896
31895
31892
31890
31765
31762
31760
31769
31768
31752
31750
31759
31758
31756
31720
31729
31728
31726
31725
31709
31708
31706
31705
31702
31798
31796
31795
31792
31790
31786
31785
31782
31780
31789
31652
31650
31659
31658
31657
31620
31629
31628
31627
31625
31609
31608
31607
31605
31602
31698
31697
31695
31692
31690
31687
31685
31682
31680
31689
31675
31672
31670
31679
31678
31520
31529
31528
31527
31526
31509
31508
31507
31506
31502
31598
31597
31596
31592
31590
31587
31586
31582
31580
31589
31576
31572
31570
31579
31578
31562
31560
31569
31568
31567
31209
31208
31207
31206
31205
31298
31297
31296
31295
31290
31287
31286
31285
31280
31289
31276
31275
31270
31279
31278
31265
31260
31269
31268
31267
31250
31259
31258
31257
31256
30987
30986
30985
30982
30981
30976
30975
30972
30971
30978
30965
30962
30961
30968
30967
30952
30951
30958
30957
30956
30921
30928
30927
30926
30925
30918
30917
30916
30915
30912
30876
30875
30872
30871
30879
30865
30862
30861
30869
30867
30852
30851
30859
30857
30856
30821
30829
30827
30826
30825
30819
30817
30816
30815
30812
30897
30896
30895
30892
30891
30765
30762
30761
30769
30768
30752
30751
30759
30758
30756
30721
30729
30728
30726
30725
30719
30718
30716
30715
30712
30798
30796
30795
30792
30791
30786
30785
30782
30781
30789
30652
30651
30659
30658
30657
30621
30629
30628
30627
30625
30619
30618
30617
30615
30612
30698
30697
30695
30692
30691
30687
30685
30682
30681
30689
30675
30672
30671
30679
30678
30521
30529
30528
30527
30526
30519
30518
30517
30516
30512
30598
30597
30596
30592
30591
30587
30586
30582
30581
30589
30576
30572
30571
30579
30578
30562
30561
30569
30568
30567
30219
30218
30217
30216
30215
30298
30297
30296
30295
30291
30287
30286
30285
30281
30289
30276
30275
30271
30279
30278
30265
30261
30269
30268
30267
30251
30259
30258
30257
30256
30198
30197
30196
30195
30192
30187
30186
30185
30182
30189
30176
30175
30172
30179
30178
30165
30162
30169
30168
30167
30152
30159
30158
30157
30156
30129
30128
30127
30126
30125
39876
39875
39872
39871
39870
39865
39862
39861
39860
39867
39852
39851
39850
39857
39856
39821
39820
39827
39826
39825
39810
39817
39816
39815
39812
39807
39806
39805
39802
39801
39765
39762
39761
39760
39768
39752
39751
39750
39758
39756
39721
39720
39728
39726
39725
39710
39718
39716
39715
39712
39708
39706
39705
39702
39701
39786
39785
39782
39781
39780
39652
39651
39650
39658
39657
39621
39620
39628
39627
39625
39610
39618
39617
39615
39612
39608
39607
39605
39602
39601
39687
39685
39682
39681
39680
39675
39672
39671
39670
39678
39521
39520
39528
39527
39526
39510
39518
39517
39516
39512
39508
39507
39506
39502
39501
39587
39586
39582
39581
39580
39576
39572
39571
39570
39578
39562
39561
39560
39568
39567
39210
39218
39217
39216
39215
39208
39207
39206
39205
39201
39287
39286
39285
39281
39280
39276
39275
39271
39270
39278
39265
39261
39260
39268
39267
39251
39250
39258
39257
39256
39108
39107
39106
39105
39102
39187
39186
39185
39182
39180
39176
39175
39172
39170
39178
39165
39162
39160
39168
39167
39152
39150
39158
39157
39156
39120
39128
39127
39126
39125
39087
39086
39085
39082
39081
39076
39075
39072
39071
39078
39065
39062
39061
39068
39067
39052
39051
39058
39057
39056
39021
39028
39027
39026
39025
39018
39017
39016
39015
39012
38765
38762
38761
38760
38769
38752
38751
38750
38759
38756
38721
38720
38729
38726
38725
38710
38719
38716
38715
38712
38709
38706
38705
38702
38701
38796
38795
38792
38791
38790
38652
38651
38650
38659
38657
38621
38620
38629
38627
38625
38610
38619
38617
38615
38612
38609
38607
38605
38602
38601
38697
38695
38692
38691
38690
38675
38672
38671
38670
38679
38521
38520
38529
38527
38526
38510
38519
38517
38516
38512
38509
38507
38506
38502
38501
38597
38596
38592
38591
38590
38576
38572
38571
38570
38579
38562
38561
38560
38569
38567
38210
38219
38217
38216
38215
38209
38207
38206
38205
38201
38297
38296
38295
38291
38290
38276
38275
38271
38270
38279
38265
38261
38260
38269
38267
38251
38250
38259
38257
38256
38109
38107
38106
38105
38102
38197
38196
38195
38192
38190
38176
38175
38172
38170
38179
38165
38162
38160
38169
38167
38152
38150
38159
38157
38156
38120
38129
38127
38126
38125
38097
38096
38095
38092
38091
38076
38075
38072
38071
38079
38065
38062
38061
38069
38067
38052
38051
38059
38057
38056
38021
38029
38027
38026
38025
38019
38017
38016
38015
38012
38976
38975
38972
38971
38970
38965
38962
38961
38960
38967
38952
38951
38950
38957
38956
38921
38920
38927
38926
38925
38910
38917
38916
38915
38912
38907
38906
38905
38902
38901
37652
37651
37650
37659
37658
37621
37620
37629
37628
37625
37610
37619
37618
37615
37612
37609
37608
37605
37602
37601
37698
37695
37692
37691
37690
37685
37682
37681
37680
37689
37521
37520
37529
37528
37526
37510
37519
37518
37516
37512
37509
37508
37506
37502
37501
37598
37596
37592
37591
37590
37586
37582
37581
37580
37589
37562
37561
37560
37569
37568
37210
37219
37218
37216
37215
37209
37208
37206
37205
37201
37298
37296
37295
37291
37290
37286
37285
37281
37280
37289
37265
37261
37260
37269
37268
37251
37250
37259
37258
37256
37109
37108
37106
37105
37102
37198
37196
37195
37192
37190
37186
37185
37182
37180
37189
37165
37162
37160
37169
37168
37152
37150
37159
37158
37156
37120
37129
37128
37126
37125
37098
37096
37095
37092
37091
37086
37085
37082
37081
37089
37065
37062
37061
37069
37068
37052
37051
37059
37058
37056
37021
37029
37028
37026
37025
37019
37018
37016
37015
37012
37986
37985
37982
37981
37980
37965
37962
37961
37960
37968
37952
37951
37950
37958
37956
37921
37920
37928
37926
37925
37910
37918
37916
37915
37912
37908
37906
37905
37902
37901
37865
37862
37861
37860
37869
37852
37851
37850
37859
37856
37821
37820
37829
37826
37825
37810
37819
37816
37815
37812
37809
37806
37805
37802
37801
37896
37895
37892
37891
37890
36521
36520
36529
36528
36527
36510
36519
36518
36517
36512
36509
36508
36507
36502
36501
36598
36597
36592
36591
36590
36587
36582
36581
36580
36589
36572
36571
36570
36579
36578
36210
36219
36218
36217
36215
36209
36208
36207
36205
36201
36298
36297
36295
36291
36290
36287
36285
36281
36280
36289
36275
36271
36270
36279
36278
36251
36250
36259
36258
36257
36109
36108
36107
36105
36102
36198
36197
36195
36192
36190
36187
36185
36182
36180
36189
36175
36172
36170
36179
36178
36152
36150
36159
36158
36157
36120
36129
36128
36127
36125
36098
36097
36095
36092
36091
36087
36085
36082
36081
36089
36075
36072
36071
36079
36078
36052
36051
36059
36058
36057
36021
36029
36028
36027
36025
36019
36018
36017
36015
36012
36987
36985
36982
36981
36980
36975
36972
36971
36970
36978
36952
36951
36950
36958
36957
36921
36920
36928
36927
36925
36910
36918
36917
36915
36912
36908
36907
36905
36902
36901
36875
36872
36871
36870
36879
36852
36851
36850
36859
36857
36821
36820
36829
36827
36825
36810
36819
36817
36815
36812
36809
36807
36805
36802
36801
36897
36895
36892
36891
36890
36752
36751
36750
36759
36758
36721
36720
36729
36728
36725
36710
36719
36718
36715
36712
36709
36708
36705
36702
36701
36798
36795
36792
36791
36790
36785
36782
36781
36780
36789
35210
35219
35218
35217
35216
35209
35208
35207
35206
35201
35298
35297
35296
35291
35290
35287
35286
35281
35280
35289
35276
35271
35270
35279
35278
35261
35260
35269
35268
35267
35109
35108
35107
35106
35102
35198
35197
35196
35192
35190
35187
35186
35182
35180
35189
35176
35172
35170
35179
35178
35162
35160
35169
35168
35167
35120
35129
35128
35127
35126
35098
35097
35096
35092
35091
35087
35086
35082
35081
35089
35076
35072
35071
35079
35078
35062
35061
35069
35068
35067
35021
35029
35028
35027
35026
35019
35018
35017
35016
35012
35987
35986
35982
35981
35980
35976
35972
35971
35970
35978
35962
35961
35960
35968
35967
35921
35920
35928
35927
35926
35910
35918
35917
35916
35912
35908
35907
35906
35902
35901
35876
35872
35871
35870
35879
35862
35861
35860
35869
35867
35821
35820
35829
35827
35826
35810
35819
35817
35816
35812
35809
35807
35806
35802
35801
35897
35896
35892
35891
35890
35762
35761
35760
35769
35768
35721
35720
35729
35728
35726
35710
35719
35718
35716
35712
35709
35708
35706
35702
35701
35798
35796
35792
35791
35790
35786
35782
35781
35780
35789
35621
35620
35629
35628
35627
35610
35619
35618
35617
35612
35609
35608
35607
35602
35601
35698
35697
35692
35691
35690
35687
35682
35681
35680
35689
35672
35671
35670
35679
35678
21098
21097
21096
21095
21093
21087
21086
21085
21083
21089
21076
21075
21073
21079
21078
21065
21063
21069
21068
21067
21053
21059
21058
21057
21056
21039
21038
21037
21036
21035
21987
21986
21985
21983
21980
21976
21975
21973
21970
21978
21965
21963
21960
21968
21967
21953
21950
21958
21957
21956
21930
21938
21937
21936
21935
21908
21907
21906
21905
21903
21876
21875
21873
21870
21879
21865
21863
21860
21869
21867
21853
21850
21859
21857
21856
21830
21839
21837
21836
21835
21809
21807
21806
21805
21803
21897
21896
21895
21893
21890
21765
21763
21760
21769
21768
21753
21750
21759
21758
21756
21730
21739
21738
21736
21735
21709
21708
21706
21705
21703
21798
21796
21795
21793
21790
21786
21785
21783
21780
21789
21653
21650
21659
21658
21657
21630
21639
21638
21637
21635
21609
21608
21607
21605
21603
21698
21697
21695
21693
21690
21687
21685
21683
21680
21689
21675
21673
21670
21679
21678
21530
21539
21538
21537
21536
21509
21508
21507
21506
21503
21598
21597
21596
21593
21590
21587
21586
21583
21580
21589
21576
21573
21570
21579
21578
21563
21560
21569
21568
21567
21309
21308
21307
21306
21305
21398
21397
21396
21395
21390
21387
21386
21385
21380
21389
21376
21375
21370
21379
21378
21365
21360
21369
21368
21367
21350
21359
21358
21357
21356
20987
20986
20985
20983
20981
20976
20975
20973
20971
20978
20965
20963
20961
20968
20967
20953
20951
20958
20957
20956
20931
20938
20937
20936
20935
20918
20917
20916
20915
20913
20876
20875
20873
20871
20879
20865
20863
20861
20869
20867
20853
20851
20859
20857
20856
20831
20839
20837
20836
20835
20819
20817
20816
20815
20813
20897
20896
20895
20893
20891
20765
20763
20761
20769
20768
20753
20751
20759
20758
20756
20731
20739
20738
20736
20735
20719
20718
20716
20715
20713
20798
20796
20795
20793
20791
20786
20785
20783
20781
20789
20653
20651
20659
20658
20657
20631
20639
20638
20637
20635
20619
20618
20617
20615
20613
20698
20697
20695
20693
20691
20687
20685
20683
20681
20689
20675
20673
20671
20679
20678
20531
20539
20538
20537
20536
20519
20518
20517
20516
20513
20598
20597
20596
20593
20591
20587
20586
20583
20581
20589
20576
20573
20571
20579
20578
20563
20561
20569
20568
20567
20319
20318
20317
20316
20315
20398
20397
20396
20395
20391
20387
20386
20385
20381
20389
20376
20375
20371
20379
20378
20365
20361
20369
20368
20367
20351
20359
20358
20357
20356
20198
20197
20196
20195
20193
20187
20186
20185
20183
20189
20176
20175
20173
20179
20178
20165
20163
20169
20168
20167
20153
20159
20158
20157
20156
20139
20138
20137
20136
20135
29876
29875
29873
29871
29870
29865
29863
29861
29860
29867
29853
29851
29850
29857
29856
29831
29830
29837
29836
29835
29810
29817
29816
29815
29813
29807
29806
29805
29803
29801
29765
29763
29761
29760
29768
29753
29751
29750
29758
29756
29731
29730
29738
29736
29735
29710
29718
29716
29715
29713
29708
29706
29705
29703
29701
29786
29785
29783
29781
29780
29653
29651
29650
29658
29657
29631
29630
29638
29637
29635
29610
29618
29617
29615
29613
29608
29607
29605
29603
29601
29687
29685
29683
29681
29680
29675
29673
29671
29670
29678
29531
29530
29538
29537
29536
29510
29518
29517
29516
29513
29508
29507
29506
29503
29501
29587
29586
29583
29581
29580
29576
29573
29571
29570
29578
29563
29561
29560
29568
29567
29310
29318
29317
29316
29315
29308
29307
29306
29305
29301
29387
29386
29385
29381
29380
29376
29375
29371
29370
29378
29365
29361
29360
29368
29367
29351
29350
29358
29357
29356
29108
29107
29106
29105
29103
29187
29186
29185
29183
29180
29176
29175
29173
29170
29178
29165
29163
29160
29168
29167
29153
29150
29158
29157
29156
29130
29138
29137
29136
29135
29087
29086
29085
29083
29081
29076
29075
29073
29071
29078
29065
29063
29061
29068
29067
29053
29051
29058
29057
29056
29031
29038
29037
29036
29035
29018
29017
29016
29015
29013
28765
28763
28761
28760
28769
28753
28751
28750
28759
28756
28731
28730
28739
28736
28735
28710
28719
28716
28715
28713
28709
28706
28705
28703
28701
28796
28795
28793
28791
28790
28653
28651
28650
28659
28657
28631
28630
28639
28637
28635
28610
28619
28617
28615
28613
28609
28607
28605
28603
28601
28697
28695
28693
28691
28690
28675
28673
28671
28670
28679
28531
28530
28539
28537
28536
28510
28519
28517
28516
28513
28509
28507
28506
28503
28501
28597
28596
28593
28591
28590
28576
28573
28571
28570
28579
28563
28561
28560
28569
28567
28310
28319
28317
28316
28315
28309
28307
28306
28305
28301
28397
28396
28395
28391
28390
28376
28375
28371
28370
28379
28365
28361
28360
28369
28367
28351
28350
28359
28357
28356
28109
28107
28106
28105
28103
28197
28196
28195
28193
28190
28176
28175
28173
28170
28179
28165
28163
28160
28169
28167
28153
28150
28159
28157
28156
28130
28139
28137
28136
28135
28097
28096
28095
28093
28091
28076
28075
28073
28071
28079
28065
28063
28061
28069
28067
28053
28051
28059
28057
28056
28031
28039
28037
28036
28035
28019
28017
28016
28015
28013
28976
28975
28973
28971
28970
28965
28963
28961
28960
28967
28953
28951
28950
28957
28956
28931
28930
28937
28936
28935
28910
28917
28916
28915
28913
28907
28906
28905
28903
28901
27653
27651
27650
27659
27658
27631
27630
27639
27638
27635
27610
27619
27618
27615
27613
27609
27608
27605
27603
27601
27698
27695
27693
27691
27690
27685
27683
27681
27680
27689
27531
27530
27539
27538
27536
27510
27519
27518
27516
27513
27509
27508
27506
27503
27501
27598
27596
27593
27591
27590
27586
27583
27581
27580
27589
27563
27561
27560
27569
27568
27310
27319
27318
27316
27315
27309
27308
27306
27305
27301
27398
27396
27395
27391
27390
27386
27385
27381
27380
27389
27365
27361
27360
27369
27368
27351
27350
27359
27358
27356
27109
27108
27106
27105
27103
27198
27196
27195
27193
27190
27186
27185
27183
27180
27189
27165
27163
27160
27169
27168
27153
27150
27159
27158
27156
27130
27139
27138
27136
27135
27098
27096
27095
27093
27091
27086
27085
27083
27081
27089
27065
27063
27061
27069
27068
27053
27051
27059
27058
27056
27031
27039
27038
27036
27035
27019
27018
27016
27015
27013
27986
27985
27983
27981
27980
27965
27963
27961
27960
27968
27953
27951
27950
27958
27956
27931
27930
27938
27936
27935
27910
27918
27916
27915
27913
27908
27906
27905
27903
27901
27865
27863
27861
27860
27869
27853
27851
27850
27859
27856
27831
27830
27839
27836
27835
27810
27819
27816
27815
27813
27809
27806
27805
27803
27801
27896
27895
27893
27891
27890
26531
26530
26539
26538
26537
26510
26519
26518
26517
26513
26509
26508
26507
26503
26501
26598
26597
26593
26591
26590
26587
26583
26581
26580
26589
26573
26571
26570
26579
26578
26310
26319
26318
26317
26315
26309
26308
26307
26305
26301
26398
26397
26395
26391
26390
26387
26385
26381
26380
26389
26375
26371
26370
26379
26378
26351
26350
26359
26358
26357
26109
26108
26107
26105
26103
26198
26197
26195
26193
26190
26187
26185
26183
26180
26189
26175
26173
26170
26179
26178
26153
26150
26159
26158
26157
26130
26139
26138
26137
26135
26098
26097
26095
26093
26091
26087
26085
26083
26081
26089
26075
26073
26071
26079
26078
26053
26051
26059
26058
26057
26031
26039
26038
26037
26035
26019
26018
26017
26015
26013
26987
26985
26983
26981
26980
26975
26973
26971
26970
26978
26953
26951
26950
26958
26957
26931
26930
26938
26937
26935
26910
26918
26917
26915
26913
26908
26907
26905
26903
26901
26875
26873
26871
26870
26879
26853
26851
26850
26859
26857
26831
26830
26839
26837
26835
26810
26819
26817
26815
26813
26809
26807
26805
26803
26801
26897
26895
26893
26891
26890
26753
26751
26750
26759
26758
26731
26730
26739
26738
26735
26710
26719
26718
26715
26713
26709
26708
26705
26703
26701
26798
26795
26793
26791
26790
26785
26783
26781
26780
26789
25310
25319
25318
25317
25316
25309
25308
25307
25306
25301
25398
25397
25396
25391
25390
25387
25386
25381
25380
25389
25376
25371
25370
25379
25378
25361
25360
25369
25368
25367
25109
25108
25107
25106
25103
25198
25197
25196
25193
25190
25187
25186
25183
25180
25189
25176
25173
25170
25179
25178
25163
25160
25169
25168
25167
25130
25139
25138
25137
25136
25098
25097
25096
25093
25091
25087
25086
25083
25081
25089
25076
25073
25071
25079
25078
25063
25061
25069
25068
25067
25031
25039
25038
25037
25036
25019
25018
25017
25016
25013
25987
25986
25983
25981
25980
25976
25973
25971
25970
25978
25963
25961
25960
25968
25967
25931
25930
25938
25937
25936
25910
25918
25917
25916
25913
25908
25907
25906
25903
25901
25876
25873
25871
25870
25879
25863
25861
25860
25869
25867
25831
25830
25839
25837
25836
25810
25819
25817
25816
25813
25809
25807
25806
25803
25801
25897
25896
25893
25891
25890
25763
25761
25760
25769
25768
25731
25730
25739
25738
25736
25710
25719
25718
25716
25713
25709
25708
25706
25703
25701
25798
25796
25793
25791
25790
25786
25783
25781
25780
25789
25631
25630
25639
25638
25637
25610
25619
25618
25617
25613
25609
25608
25607
25603
25601
25698
25697
25693
25691
25690
25687
25683
25681
25680
25689
25673
25671
25670
25679
25678
23109
23108
23107
23106
23105
23198
23197
23196
23195
23190
23187
23186
23185
23180
23189
23176
23175
23170
23179
23178
23165
23160
23169
23168
23167
23150
23159
23158
23157
23156
23098
23097
23096
23095
23091
23087
23086
23085
23081
23089
23076
23075
23071
23079
23078
23065
23061
23069
23068
23067
23051
23059
23058
23057
23056
23019
23018
23017
23016
23015
23987
23986
23985
23981
23980
23976
23975
23971
23970
23978
23965
23961
23960
23968
23967
23951
23950
23958
23957
23956
23910
23918
23917
23916
23915
23908
23907
23906
23905
23901
23876
23875
23871
23870
23879
23865
23861
23860
23869
23867
23851
23850
23859
23857
23856
23810
23819
23817
23816
23815
23809
23807
23806
23805
23801
23897
23896
23895
23891
23890
23765
23761
23760
23769
23768
23751
23750
23759
23758
23756
23710
23719
23718
23716
23715
23709
23708
23706
23705
23701
23798
23796
23795
23791
23790
23786
23785
23781
23780
23789
23651
23650
23659
23658
23657
23610
23619
23618
23617
23615
23609
23608
23607
23605
23601
23698
23697
23695
23691
23690
23687
23685
23681
23680
23689
23675
23671
23670
23679
23678
23510
23519
23518
23517
23516
23509
23508
23507
23506
23501
23598
23597
23596
23591
23590
23587
23586
23581
23580
23589
23576
23571
23570
23579
23578
23561
23560
23569
23568
23567
10987
10986
10985
10983
10982
10976
10975
10973
10972
10978
10965
10963
10962
10968
10967
10953
10952
10958
10957
10956
10932
10938
10937
10936
10935
10928
10927
10926
10925
10923
10876
10875
10873
10872
10879
10865
10863
10862
10869
10867
10853
10852
10859
10857
10856
10832
10839
10837
10836
10835
10829
10827
10826
10825
10823
10897
10896
10895
10893
10892
10765
10763
10762
10769
10768
10753
10752
10759
10758
10756
10732
10739
10738
10736
10735
10729
10728
10726
10725
10723
10798
10796
10795
10793
10792
10786
10785
10783
10782
10789
10653
10652
10659
10658
10657
10632
10639
10638
10637
10635
10629
10628
10627
10625
10623
10698
10697
10695
10693
10692
10687
10685
10683
10682
10689
10675
10673
10672
10679
10678
10532
10539
10538
10537
10536
10529
10528
10527
10526
10523
10598
10597
10596
10593
10592
10587
10586
10583
10582
10589
10576
10573
10572
10579
10578
10563
10562
10569
10568
10567
10329
10328
10327
10326
10325
10398
10397
10396
10395
10392
10387
10386
10385
10382
10389
10376
10375
10372
10379
10378
10365
10362
10369
10368
10367
10352
10359
10358
10357
10356
10298
10297
10296
10295
10293
10287
10286
10285
10283
10289
10276
10275
10273
10279
10278
10265
10263
10269
10268
10267
10253
10259
10258
10257
10256
10239
10238
10237
10236
10235
19876
19875
19873
19872
19870
19865
19863
19862
19860
19867
19853
19852
19850
19857
19856
19832
19830
19837
19836
19835
19820
19827
19826
19825
19823
19807
19806
19805
19803
19802
19765
19763
19762
19760
19768
19753
19752
19750
19758
19756
19732
19730
19738
19736
19735
19720
19728
19726
19725
19723
19708
19706
19705
19703
19702
19786
19785
19783
19782
19780
19653
19652
19650
19658
19657
19632
19630
19638
19637
19635
19620
19628
19627
19625
19623
19608
19607
19605
19603
19602
19687
19685
19683
19682
19680
19675
19673
19672
19670
19678
19532
19530
19538
19537
19536
19520
19528
19527
19526
19523
19508
19507
19506
19503
19502
19587
19586
19583
19582
19580
19576
19573
19572
19570
19578
19563
19562
19560
19568
19567
19320
19328
19327
19326
19325
19308
19307
19306
19305
19302
19387
19386
19385
19382
19380
19376
19375
19372
19370
19378
19365
19362
19360
19368
19367
19352
19350
19358
19357
19356
19208
19207
19206
19205
19203
19287
19286
19285
19283
19280
19276
19275
19273
19270
19278
19265
19263
19260
19268
19267
19253
19250
19258
19257
19256
19230
19238
19237
19236
19235
19087
19086
19085
19083
19082
19076
19075
19073
19072
19078
19065
19063
19062
19068
19067
19053
19052
19058
19057
19056
19032
19038
19037
19036
19035
19028
19027
19026
19025
19023
18765
18763
18762
18760
18769
18753
18752
18750
18759
18756
18732
18730
18739
18736
18735
18720
18729
18726
18725
18723
18709
18706
18705
18703
18702
18796
18795
18793
18792
18790
18653
18652
18650
18659
18657
18632
18630
18639
18637
18635
18620
18629
18627
18625
18623
18609
18607
18605
18603
18602
18697
18695
18693
18692
18690
18675
18673
18672
18670
18679
18532
18530
18539
18537
18536
18520
18529
18527
18526
18523
18509
18507
18506
18503
18502
18597
18596
18593
18592
18590
18576
18573
18572
18570
18579
18563
18562
18560
18569
18567
18320
18329
18327
18326
18325
18309
18307
18306
18305
18302
18397
18396
18395
18392
18390
18376
18375
18372
18370
18379
18365
18362
18360
18369
18367
18352
18350
18359
18357
18356
18209
18207
18206
18205
18203
18297
18296
18295
18293
18290
18276
18275
18273
18270
18279
18265
18263
18260
18269
18267
18253
18250
18259
18257
18256
18230
18239
18237
18236
18235
18097
18096
18095
18093
18092
18076
18075
18073
18072
18079
18065
18063
18062
18069
18067
18053
18052
18059
18057
18056
18032
18039
18037
18036
18035
18029
18027
18026
18025
18023
18976
18975
18973
18972
18970
18965
18963
18962
18960
18967
18953
18952
18950
18957
18956
18932
18930
18937
18936
18935
18920
18927
18926
18925
18923
18907
18906
18905
18903
18902
17653
17652
17650
17659
17658
17632
17630
17639
17638
17635
17620
17629
17628
17625
17623
17609
17608
17605
17603
17602
17698
17695
17693
17692
17690
17685
17683
17682
17680
17689
17532
17530
17539
17538
17536
17520
17529
17528
17526
17523
17509
17508
17506
17503
17502
17598
17596
17593
17592
17590
17586
17583
17582
17580
17589
17563
17562
17560
17569
17568
17320
17329
17328
17326
17325
17309
17308
17306
17305
17302
17398
17396
17395
17392
17390
17386
17385
17382
17380
17389
17365
17362
17360
17369
17368
17352
17350
17359
17358
17356
17209
17208
17206
17205
17203
17298
17296
17295
17293
17290
17286
17285
17283
17280
17289
17265
17263
17260
17269
17268
17253
17250
17259
17258
17256
17230
17239
17238
17236
17235
17098
17096
17095
17093
17092
17086
17085
17083
17082
17089
17065
17063
17062
17069
17068
17053
17052
17059
17058
17056
17032
17039
17038
17036
17035
17029
17028
17026
17025
17023
17986
17985
17983
17982
17980
17965
17963
17962
17960
17968
17953
17952
17950
17958
17956
17932
17930
17938
17936
17935
17920
17928
17926
17925
17923
17908
17906
17905
17903
17902
17865
17863
17862
17860
17869
17853
17852
17850
17859
17856
17832
17830
17839
17836
17835
17820
17829
17826
17825
17823
17809
17806
17805
17803
17802
17896
17895
17893
17892
17890
16532
16530
16539
16538
16537
16520
16529
16528
16527
16523
16509
16508
16507
16503
16502
16598
16597
16593
16592
16590
16587
16583
16582
16580
16589
16573
16572
16570
16579
16578
16320
16329
16328
16327
16325
16309
16308
16307
16305
16302
16398
16397
16395
16392
16390
16387
16385
16382
16380
16389
16375
16372
16370
16379
16378
16352
16350
16359
16358
16357
16209
16208
16207
16205
16203
16298
16297
16295
16293
16290
16287
16285
16283
16280
16289
16275
16273
16270
16279
16278
16253
16250
16259
16258
16257
16230
16239
16238
16237
16235
16098
16097
16095
16093
16092
16087
16085
16083
16082
16089
16075
16073
16072
16079
16078
16053
16052
16059
16058
16057
16032
16039
16038
16037
16035
16029
16028
16027
16025
16023
16987
16985
16983
16982
16980
16975
16973
16972
16970
16978
16953
16952
16950
16958
16957
16932
16930
16938
16937
16935
16920
16928
16927
16925
16923
16908
16907
16905
16903
16902
16875
16873
16872
16870
16879
16853
16852
16850
16859
16857
16832
16830
16839
16837
16835
16820
16829
16827
16825
16823
16809
16807
16805
16803
16802
16897
16895
16893
16892
16890
16753
16752
16750
16759
16758
16732
16730
16739
16738
16735
16720
16729
16728
16725
16723
16709
16708
16705
16703
16702
16798
16795
16793
16792
16790
16785
16783
16782
16780
16789
15320
15329
15328
15327
15326
15309
15308
15307
15306
15302
15398
15397
15396
15392
15390
15387
15386
15382
15380
15389
15376
15372
15370
15379
15378
15362
15360
15369
15368
15367
15209
15208
15207
15206
15203
15298
15297
15296
15293
15290
15287
15286
15283
15280
15289
15276
15273
15270
15279
15278
15263
15260
15269
15268
15267
15230
15239
15238
15237
15236
15098
15097
15096
15093
15092
15087
15086
15083
15082
15089
15076
15073
15072
15079
15078
15063
15062
15069
15068
15067
15032
15039
15038
15037
15036
15029
15028
15027
15026
15023
15987
15986
15983
15982
15980
15976
15973
15972
15970
15978
15963
15962
15960
15968
15967
15932
15930
15938
15937
15936
15920
15928
15927
15926
15923
15908
15907
15906
15903
15902
15876
15873
15872
15870
15879
15863
15862
15860
15869
15867
15832
15830
15839
15837
15836
15820
15829
15827
15826
15823
15809
15807
15806
15803
15802
15897
15896
15893
15892
15890
15763
15762
15760
15769
15768
15732
15730
15739
15738
15736
15720
15729
15728
15726
15723
15709
15708
15706
15703
15702
15798
15796
15793
15792
15790
15786
15783
15782
15780
15789
15632
15630
15639
15638
15637
15620
15629
15628
15627
15623
15609
15608
15607
15603
15602
15698
15697
15693
15692
15690
15687
15683
15682
15680
15689
15673
15672
15670
15679
15678
13209
13208
13207
13206
13205
13298
13297
13296
13295
13290
13287
13286
13285
13280
13289
13276
13275
13270
13279
13278
13265
13260
13269
13268
13267
13250
13259
13258
13257
13256
13098
13097
13096
13095
13092
13087
13086
13085
13082
13089
13076
13075
13072
13079
13078
13065
13062
13069
13068
13067
13052
13059
13058
13057
13056
13029
13028
13027
13026
13025
13987
13986
13985
13982
13980
13976
13975
13972
13970
13978
13965
13962
13960
13968
13967
13952
13950
13958
13957
13956
13920
13928
13927
13926
13925
13908
13907
13906
13905
13902
13876
13875
13872
13870
13879
13865
13862
13860
13869
13867
13852
13850
13859
13857
13856
13820
13829
13827
13826
13825
13809
13807
13806
13805
13802
13897
13896
13895
13892
13890
13765
13762
13760
13769
13768
13752
13750
13759
13758
13756
13720
13729
13728
13726
13725
13709
13708
13706
13705
13702
13798
13796
13795
13792
13790
13786
13785
13782
13780
13789
13652
13650
13659
13658
13657
13620
13629
13628
13627
13625
13609
13608
13607
13605
13602
13698
13697
13695
13692
13690
13687
13685
13682
13680
13689
13675
13672
13670
13679
13678
13520
13529
13528
13527
13526
13509
13508
13507
13506
13502
13598
13597
13596
13592
13590
13587
13586
13582
13580
13589
13576
13572
13570
13579
13578
13562
13560
13569
13568
13567
12098
12097
12096
12095
12093
12087
12086
12085
12083
12089
12076
12075
12073
12079
12078
12065
12063
12069
12068
12067
12053
12059
12058
12057
12056
12039
12038
12037
12036
12035
12987
12986
12985
12983
12980
12976
12975
12973
12970
12978
12965
12963
12960
12968
12967
12953
12950
12958
12957
12956
12930
12938
12937
12936
12935
12908
12907
12906
12905
12903
12876
12875
12873
12870
12879
12865
12863
12860
12869
12867
12853
12850
12859
12857
12856
12830
12839
12837
12836
12835
12809
12807
12806
12805
12803
12897
12896
12895
12893
12890
12765
12763
12760
12769
12768
12753
12750
12759
12758
12756
12730
12739
12738
12736
12735
12709
12708
12706
12705
12703
12798
12796
12795
12793
12790
12786
12785
12783
12780
12789
12653
12650
12659
12658
12657
12630
12639
12638
12637
12635
12609
12608
12607
12605
12603
12698
12697
12695
12693
12690
12687
12685
12683
12680
12689
12675
12673
12670
12679
12678
12530
12539
12538
12537
12536
12509
12508
12507
12506
12503
12598
12597
12596
12593
12590
12587
12586
12583
12580
12589
12576
12573
12570
12579
12578
12563
12560
12569
12568
12567
12309
12308
12307
12306
12305
12398
12397
12396
12395
12390
12387
12386
12385
12380
12389
12376
12375
12370
12379
12378
12365
12360
12369
12368
12367
12350
12359
12358
12357
12356
09876
09875
09873
09872
09871
09865
09863
09862
09861
09867
09853
09852
09851
09857
09856
09832
09831
09837
09836
09835
09821
09827
09826
09825
09823
09817
09816
09815
09813
09812
09765
09763
09762
09761
09768
09753
09752
09751
09758
09756
09732
09731
09738
09736
09735
09721
09728
09726
09725
09723
09718
09716
09715
09713
09712
09786
09785
09783
09782
09781
09653
09652
09651
09658
09657
09632
09631
09638
09637
09635
09621
09628
09627
09625
09623
09618
09617
09615
09613
09612
09687
09685
09683
09682
09681
09675
09673
09672
09671
09678
09532
09531
09538
09537
09536
09521
09528
09527
09526
09523
09518
09517
09516
09513
09512
09587
09586
09583
09582
09581
09576
09573
09572
09571
09578
09563
09562
09561
09568
09567
09321
09328
09327
09326
09325
09318
09317
09316
09315
09312
09387
09386
09385
09382
09381
09376
09375
09372
09371
09378
09365
09362
09361
09368
09367
09352
09351
09358
09357
09356
09218
09217
09216
09215
09213
09287
09286
09285
09283
09281
09276
09275
09273
09271
09278
09265
09263
09261
09268
09267
09253
09251
09258
09257
09256
09231
09238
09237
09236
09235
09187
09186
09185
09183
09182
09176
09175
09173
09172
09178
09165
09163
09162
09168
09167
09153
09152
09158
09157
09156
09132
09138
09137
09136
09135
09128
09127
09126
09125
09123
08765
08763
08762
08761
08769
08753
08752
08751
08759
08756
08732
08731
08739
08736
08735
08721
08729
08726
08725
08723
08719
08716
08715
08713
08712
08796
08795
08793
08792
08791
08653
08652
08651
08659
08657
08632
08631
08639
08637
08635
08621
08629
08627
08625
08623
08619
08617
08615
08613
08612
08697
08695
08693
08692
08691
08675
08673
08672
08671
08679
08532
08531
08539
08537
08536
08521
08529
08527
08526
08523
08519
08517
08516
08513
08512
08597
08596
08593
08592
08591
08576
08573
08572
08571
08579
08563
08562
08561
08569
08567
08321
08329
08327
08326
08325
08319
08317
08316
08315
08312
08397
08396
08395
08392
08391
08376
08375
08372
08371
08379
08365
08362
08361
08369
08367
08352
08351
08359
08357
08356
08219
08217
08216
08215
08213
08297
08296
08295
08293
08291
08276
08275
08273
08271
08279
08265
08263
08261
08269
08267
08253
08251
08259
08257
08256
08231
08239
08237
08236
08235
08197
08196
08195
08193
08192
08176
08175
08173
08172
08179
08165
08163
08162
08169
08167
08153
08152
08159
08157
08156
08132
08139
08137
08136
08135
08129
08127
08126
08125
08123
08976
08975
08973
08972
08971
08965
08963
08962
08961
08967
08953
08952
08951
08957
08956
08932
08931
08937
08936
08935
08921
08927
08926
08925
08923
08917
08916
08915
08913
08912
07653
07652
07651
07659
07658
07632
07631
07639
07638
07635
07621
07629
07628
07625
07623
07619
07618
07615
07613
07612
07698
07695
07693
07692
07691
07685
07683
07682
07681
07689
07532
07531
07539
07538
07536
07521
07529
07528
07526
07523
07519
07518
07516
07513
07512
07598
07596
07593
07592
07591
07586
07583
07582
07581
07589
07563
07562
07561
07569
07568
07321
07329
07328
07326
07325
07319
07318
07316
07315
07312
07398
07396
07395
07392
07391
07386
07385
07382
07381
07389
07365
07362
07361
07369
07368
07352
07351
07359
07358
07356
07219
07218
07216
07215
07213
07298
07296
07295
07293
07291
07286
07285
07283
07281
07289
07265
07263
07261
07269
07268
07253
07251
07259
07258
07256
07231
07239
07238
07236
07235
07198
07196
07195
07193
07192
07186
07185
07183
07182
07189
07165
07163
07162
07169
07168
07153
07152
07159
07158
07156
07132
07139
07138
07136
07135
07129
07128
07126
07125
07123
07986
07985
07983
07982
07981
07965
07963
07962
07961
07968
07953
07952
07951
07958
07956
07932
07931
07938
07936
07935
07921
07928
07926
07925
07923
07918
07916
07915
07913
07912
07865
07863
07862
07861
07869
07853
07852
07851
07859
07856
07832
07831
07839
07836
07835
07821
07829
07826
07825
07823
07819
07816
07815
07813
07812
07896
07895
07893
07892
07891
06532
06531
06539
06538
06537
06521
06529
06528
06527
06523
06519
06518
06517
06513
06512
06598
06597
06593
06592
06591
06587
06583
06582
06581
06589
06573
06572
06571
06579
06578
06321
06329
06328
06327
06325
06319
06318
06317
06315
06312
06398
06397
06395
06392
06391
06387
06385
06382
06381
06389
06375
06372
06371
06379
06378
06352
06351
06359
06358
06357
06219
06218
06217
06215
06213
06298
06297
06295
06293
06291
06287
06285
06283
06281
06289
06275
06273
06271
06279
06278
06253
06251
06259
06258
06257
06231
06239
06238
06237
06235
06198
06197
06195
06193
06192
06187
06185
06183
06182
06189
06175
06173
06172
06179
06178
06153
06152
06159
06158
06157
06132
06139
06138
06137
06135
06129
06128
06127
06125
06123
06987
06985
06983
06982
06981
06975
06973
06972
06971
06978
06953
06952
06951
06958
06957
06932
06931
06938
06937
06935
06921
06928
06927
06925
06923
06918
06917
06915
06913
06912
06875
06873
06872
06871
06879
06853
06852
06851
06859
06857
06832
06831
06839
06837
06835
06821
06829
06827
06825
06823
06819
06817
06815
06813
06812
06897
06895
06893
06892
06891
06753
06752
06751
06759
06758
06732
06731
06739
06738
06735
06721
06729
06728
06725
06723
06719
06718
06715
06713
06712
06798
06795
06793
06792
06791
06785
06783
06782
06781
06789
05321
05329
05328
05327
05326
05319
05318
05317
05316
05312
05398
05397
05396
05392
05391
05387
05386
05382
05381
05389
05376
05372
05371
05379
05378
05362
05361
05369
05368
05367
05219
05218
05217
05216
05213
05298
05297
05296
05293
05291
05287
05286
05283
05281
05289
05276
05273
05271
05279
05278
05263
05261
05269
05268
05267
05231
05239
05238
05237
05236
05198
05197
05196
05193
05192
05187
05186
05183
05182
05189
05176
05173
05172
05179
05178
05163
05162
05169
05168
05167
05132
05139
05138
05137
05136
05129
05128
05127
05126
05123
05987
05986
05983
05982
05981
05976
05973
05972
05971
05978
05963
05962
05961
05968
05967
05932
05931
05938
05937
05936
05921
05928
05927
05926
05923
05918
05917
05916
05913
05912
05876
05873
05872
05871
05879
05863
05862
05861
05869
05867
05832
05831
05839
05837
05836
05821
05829
05827
05826
05823
05819
05817
05816
05813
05812
05897
05896
05893
05892
05891
05763
05762
05761
05769
05768
05732
05731
05739
05738
05736
05721
05729
05728
05726
05723
05719
05718
05716
05713
05712
05798
05796
05793
05792
05791
05786
05783
05782
05781
05789
05632
05631
05639
05638
05637
05621
05629
05628
05627
05623
05619
05618
05617
05613
05612
05698
05697
05693
05692
05691
05687
05683
05682
05681
05689
05673
05672
05671
05679
05678
03219
03218
03217
03216
03215
03298
03297
03296
03295
03291
03287
03286
03285
03281
03289
03276
03275
03271
03279
03278
03265
03261
03269
03268
03267
03251
03259
03258
03257
03256
03198
03197
03196
03195
03192
03187
03186
03185
03182
03189
03176
03175
03172
03179
03178
03165
03162
03169
03168
03167
03152
03159
03158
03157
03156
03129
03128
03127
03126
03125
03987
03986
03985
03982
03981
03976
03975
03972
03971
03978
03965
03962
03961
03968
03967
03952
03951
03958
03957
03956
03921
03928
03927
03926
03925
03918
03917
03916
03915
03912
03876
03875
03872
03871
03879
03865
03862
03861
03869
03867
03852
03851
03859
03857
03856
03821
03829
03827
03826
03825
03819
03817
03816
03815
03812
03897
03896
03895
03892
03891
03765
03762
03761
03769
03768
03752
03751
03759
03758
03756
03721
03729
03728
03726
03725
03719
03718
03716
03715
03712
03798
03796
03795
03792
03791
03786
03785
03782
03781
03789
03652
03651
03659
03658
03657
03621
03629
03628
03627
03625
03619
03618
03617
03615
03612
03698
03697
03695
03692
03691
03687
03685
03682
03681
03689
03675
03672
03671
03679
03678
03521
03529
03528
03527
03526
03519
03518
03517
03516
03512
03598
03597
03596
03592
03591
03587
03586
03582
03581
03589
03576
03572
03571
03579
03578
03562
03561
03569
03568
03567
02198
02197
02196
02195
02193
02187
02186
02185
02183
02189
02176
02175
02173
02179
02178
02165
02163
02169
02168
02167
02153
02159
02158
02157
02156
02139
02138
02137
02136
02135
02987
02986
02985
02983
02981
02976
02975
02973
02971
02978
02965
02963
02961
02968
02967
02953
02951
02958
02957
02956
02931
02938
02937
02936
02935
02918
02917
02916
02915
02913
02876
02875
02873
02871
02879
02865
02863
02861
02869
02867
02853
02851
02859
02857
02856
02831
02839
02837
02836
02835
02819
02817
02816
02815
02813
02897
02896
02895
02893
02891
02765
02763
02761
02769
02768
02753
02751
02759
02758
02756
02731
02739
02738
02736
02735
02719
02718
02716
02715
02713
02798
02796
02795
02793
02791
02786
02785
02783
02781
02789
02653
02651
02659
02658
02657
02631
02639
02638
02637
02635
02619
02618
02617
02615
02613
02698
02697
02695
02693
02691
02687
02685
02683
02681
02689
02675
02673
02671
02679
02678
02531
02539
02538
02537
02536
02519
02518
02517
02516
02513
02598
02597
02596
02593
02591
02587
02586
02583
02581
02589
02576
02573
02571
02579
02578
02563
02561
02569
02568
02567
02319
02318
02317
02316
02315
02398
02397
02396
02395
02391
02387
02386
02385
02381
02389
02376
02375
02371
02379
02378
02365
02361
02369
02368
02367
02351
02359
02358
02357
02356
01987
01986
01985
01983
01982
01976
01975
01973
01972
01978
01965
01963
01962
01968
01967
01953
01952
01958
01957
01956
01932
01938
01937
01936
01935
01928
01927
01926
01925
01923
01876
01875
01873
01872
01879
01865
01863
01862
01869
01867
01853
01852
01859
01857
01856
01832
01839
01837
01836
01835
01829
01827
01826
01825
01823
01897
01896
01895
01893
01892
01765
01763
01762
01769
01768
01753
01752
01759
01758
01756
01732
01739
01738
01736
01735
01729
01728
01726
01725
01723
01798
01796
01795
01793
01792
01786
01785
01783
01782
01789
01653
01652
01659
01658
01657
01632
01639
01638
01637
01635
01629
01628
01627
01625
01623
01698
01697
01695
01693
01692
01687
01685
01683
01682
01689
01675
01673
01672
01679
01678
01532
01539
01538
01537
01536
01529
01528
01527
01526
01523
01598
01597
01596
01593
01592
01587
01586
01583
01582
01589
01576
01573
01572
01579
01578
01563
01562
01569
01568
01567
01329
01328
01327
01326
01325
01398
01397
01396
01395
01392
01387
01386
01385
01382
01389
01376
01375
01372
01379
01378
01365
01362
01369
01368
01367
01352
01359
01358
01357
01356
01298
01297
01296
01295
01293
01287
01286
01285
01283
01289
01276
01275
01273
01279
01278
01265
01263
01269
01268
01267
01253
01259
01258
01257
01256
01239
01238
01237
01236
01235
